#n	Vector(ns)	LinkedList(ns)
50	70	119
51	66	124
52	72	126
53	74	120
54	75	127
55	78	131
56	82	129
57	77	133
58	78	141
59	82	134
60	82	135
61	82	134
62	87	141
63	90	148
64	93	153
65	95	158
66	100	155
67	92	160
68	92	165
69	97	164
70	98	164
71	107	167
72	97	166
73	104	180
74	116	179
75	116	187
76	110	183
77	110	189
78	118	186
79	114	188
80	114	192
81	119	201
82	127	200
83	130	201
84	130	205
85	127	204
86	135	212
87	127	213
88	137	217
89	131	220
90	130	221
91	135	222
92	133	229
93	138	224
94	147	236
95	143	235
96	149	246
97	146	244
98	151	243
99	164	240
100	154	257
101	165	246
102	155	250
103	158	254
104	162	255
105	155	252
106	154	255
107	163	256
108	166	252
109	170	249
110	171	254
111	158	266
112	170	261
113	163	264
114	172	260
115	166	273
116	164	263
117	168	259
118	168	267
119	165	265
120	163	275
121	165	263
122	174	267
123	168	264
124	172	266
125	178	262
126	172	278
127	183	268
128	176	276
129	177	287
130	183	488
131	179	276
132	173	278
133	180	290
134	183	273
135	185	284
136	189	287
137	181	287
138	197	277
139	189	279
140	178	287
141	174	290
142	191	274
143	192	284
144	197	292
145	191	280
146	192	284
147	196	291
148	188	289
149	203	281
150	201	298
151	198	287
152	177	290
153	196	287
154	204	292
155	191	298
156	197	295
157	201	273
158	199	287
159	187	289
160	187	709
161	180	300
162	270	302
163	203	324
164	196	304
165	191	299
166	204	281
167	198	302
168	192	303
169	203	281
170	210	296
171	191	306
172	198	310
173	210	288
174	203	301
175	209	302
176	205	335
177	203	298
178	187	315
179	201	311
180	211	306
181	214	306
182	203	308
183	217	301
184	221	299
185	213	313
186	224	294
187	214	304
188	218	306
189	213	317
190	220	310
191	209	320
192	220	316
193	232	301
194	210	325
195	224	308
196	224	316
197	215	323
198	236	344
199	225	344
200	225	340
201	343	329
202	224	323
203	229	320
204	239	318
205	240	315
206	229	319
207	231	321
208	227	329
209	228	340
210	237	330
211	227	337
212	233	320
213	222	349
214	240	321
215	230	337
216	248	318
217	233	343
218	236	342
219	226	378
220	231	340
221	220	357
222	219	347
223	239	347
224	238	330
225	245	335
226	242	329
227	227	369
228	240	351
229	263	321
230	236	355
231	237	355
232	251	346
233	241	352
234	241	355
235	235	370
236	245	344
237	241	358
238	241	371
239	256	376
240	250	382
241	258	359
242	239	372
243	250	359
244	284	326
245	267	351
246	284	364
247	263	365
248	241	384
249	258	364
250	262	373
251	273	352
252	275	361
253	249	381
254	257	371
255	254	381
256	255	374
257	265	375
258	255	379
259	277	366
260	271	364
261	253	405
262	262	381
263	260	379
264	274	369
265	271	414
266	262	381
267	272	384
268	268	392
269	271	380
270	278	383
271	277	380
272	300	387
273	268	393
274	288	376
275	284	379
276	283	412
277	300	398
278	287	387
279	294	406
280	270	411
281	272	401
282	290	390
283	275	407
284	287	381
285	294	390
286	356	377
287	290	399
288	287	403
289	295	390
290	273	406
291	273	425
292	297	392
293	281	429
294	279	422
295	288	407
296	298	420
297	281	417
298	303	398
299	284	416
300	305	441
301	301	425
302	293	459
303	318	428
304	289	456
305	303	446
306	305	456
307	297	414
308	296	421
309	308	422
310	311	450
311	441	441
312	326	422
313	306	419
314	294	434
315	303	418
316	332	403
317	282	457
318	309	424
319	314	420
320	310	433
321	326	427
322	326	473
323	302	447
324	319	443
325	293	501
326	304	456
327	310	437
328	302	468
329	308	466
330	293	474
331	366	437
332	304	467
333	328	450
334	307	474
335	320	460
336	304	477
337	324	469
338	304	483
339	312	474
340	305	484
341	334	485
342	324	613
343	313	532
344	327	464
345	310	487
346	324	482
347	321	479
348	336	451
349	341	456
350	348	449
351	347	456
352	320	506
353	340	463
354	326	485
355	338	481
356	329	481
357	310	503
358	334	492
359	332	485
360	349	464
361	323	508
362	338	478
363	313	524
364	333	508
365	326	512
366	337	496
367	328	507
368	370	454
369	336	492
370	352	527
371	372	495
372	333	515
373	361	479
374	334	511
375	328	537
376	351	498
377	355	480
378	332	550
379	360	480
380	340	542
381	336	527
382	327	525
383	348	498
384	356	511
385	370	489
386	352	504
387	342	520
388	382	472
389	362	541
390	353	520
391	371	506
392	361	536
393	362	533
394	386	498
395	356	550
396	344	574
397	357	546
398	379	544
399	382	524
400	331	565
401	384	511
402	348	583
403	371	540
404	371	539
405	390	516
406	364	544
407	397	507
408	401	509
409	379	548
410	394	561
411	387	530
412	376	547
413	358	577
414	381	560
415	353	583
416	378	577
417	354	595
418	409	604
419	375	556
420	382	545
421	395	531
422	399	535
423	380	606
424	409	569
425	363	736
426	370	616
427	378	588
428	377	592
429	348	624
430	424	515
431	434	570
432	371	602
433	399	564
434	393	571
435	392	600
436	407	1161
437	359	659
438	428	541
439	407	566
440	407	561
441	386	609
442	414	579
443	401	599
444	399	578
445	403	570
446	415	641
447	408	590
448	386	610
449	421	611
450	395	782
451	403	614
452	397	599
453	423	620
454	403	642
455	403	604
456	396	622
457	409	623
458	418	636
459	443	570
460	442	576
461	384	644
462	407	610
463	396	666
464	399	655
465	386	663
466	403	642
467	391	681
468	384	708
469	446	584
470	409	696
471	411	655
472	451	579
473	427	676
474	440	646
475	473	626
476	396	732
477	441	1002
478	386	705
479	402	690
480	455	604
481	446	622
482	396	710
483	423	674
484	447	656
485	418	662
486	469	626
487	422	668
488	438	652
489	437	661
490	441	628
491	493	605
492	444	644
493	424	733
494	433	717
495	489	722
496	434	711
497	418	694
498	438	667
499	429	681
500	416	712
501	433	684
502	455	678
503	442	654
504	476	631
505	403	736
506	444	674
507	429	690
508	746	711
509	423	731
510	412	705
511	831	1204
512	429	674
513	606	706
514	416	848
515	434	830
516	480	891
517	475	879
518	525	793
519	481	732
520	554	760
521	478	722
522	481	771
523	468	752
524	531	716
525	496	693
526	475	733
527	477	732
528	488	720
529	445	782
530	481	722
531	474	741
532	458	760
533	486	711
534	510	715
535	517	740
536	494	727
537	495	743
538	474	798
539	545	672
540	470	788
541	449	881
542	468	797
543	502	714
544	507	770
545	517	696
546	540	682
547	530	1493
548	464	810
549	496	771
550	467	795
551	481	768
552	499	729
553	511	725
554	538	694
555	536	706
556	525	701
557	518	755
558	493	773
559	498	766
560	498	754
561	496	757
562	499	770
563	537	705
564	533	712
565	531	729
566	542	711
567	477	791
568	522	779
569	518	764
570	490	2062
571	613	2070
572	509	878
573	459	816
574	491	755
575	493	766
576	479	783
577	493	768
578	551	739
579	629	1048
580	546	852
581	523	782
582	526	802
583	493	847
584	548	744
585	516	794
586	515	792
587	502	816
588	526	790
589	551	745
590	538	778
591	540	754
592	510	842
593	492	846
594	484	899
595	569	738
596	519	840
597	560	766
598	530	786
599	535	811
600	548	798
601	524	826
602	524	838
603	580	753
604	521	853
605	550	779
606	523	834
607	548	796
608	556	795
609	562	791
610	550	825
611	572	838
612	555	829
613	564	812
614	521	880
615	551	830
616	542	841
617	539	840
618	509	900
619	518	897
620	566	806
621	544	857
622	526	883
623	560	817
624	596	787
625	565	837
626	570	818
627	546	857
628	559	840
629	568	850
630	571	836
631	544	886
632	525	938
633	533	946
634	645	733
635	569	880
636	516	954
637	549	909
638	581	866
639	511	973
640	531	939
641	607	826
642	582	857
643	554	886
644	564	903
645	566	905
646	600	846
647	559	904
648	565	905
649	563	898
650	538	928
651	509	1036
652	563	923
653	524	970
654	605	862
655	562	921
656	613	862
657	552	949
658	597	894
659	551	964
660	585	873
661	577	909
662	552	955
663	527	1040
664	640	829
665	589	918
666	582	932
667	569	962
668	592	932
669	606	881
670	529	1043
671	589	929
672	599	1921
673	513	1084
674	587	940
675	611	932
676	590	952
677	567	972
678	594	942
679	674	831
680	573	999
681	593	983
682	606	947
683	620	941
684	578	1005
685	608	979
686	571	1017
687	599	991
688	616	961
689	602	932
690	561	1046
691	598	1007
692	636	956
693	632	933
694	641	903
695	665	862
696	624	947
697	581	1016
698	615	981
699	618	978
700	616	986
701	647	902
702	630	948
703	598	1011
704	662	888
705	580	1067
706	623	973
707	609	1016
708	624	995
709	589	1065
710	619	1031
711	577	1082
712	614	1000
713	627	1010
714	588	1033
715	681	952
716	648	930
717	596	1073
718	678	955
719	638	980
720	648	985
721	658	958
722	596	1098
723	599	1072
724	593	1071
725	604	1082
726	604	1111
727	663	987
728	601	1061
729	564	1150
730	649	1008
731	671	1012
732	665	1002
733	624	1053
734	640	1068
735	596	1132
736	655	1018
737	581	1177
738	633	1036
739	656	1047
740	613	1100
741	642	1064
742	703	991
743	691	991
744	685	1073
745	724	982
746	662	1042
747	624	1089
748	630	1093
749	691	985
750	649	1038
751	650	1088
752	650	1062
753	625	1138
754	680	1029
755	674	1065
756	697	1097
757	673	1084
758	659	1127
759	667	1067
760	654	1126
761	652	1103
762	627	1151
763	779	863
764	639	1122
765	655	1106
766	626	1173
767	649	1111
768	588	1251
769	672	1096
770	644	1147
771	656	1129
772	640	1166
773	701	1055
774	661	1138
775	690	1085
776	603	1252
777	649	1170
778	673	1118
779	704	1038
780	706	1068
781	636	1184
782	679	1105
783	664	1141
784	706	1077
785	670	1145
786	716	1111
787	658	1151
788	698	1114
789	665	1183
790	684	1149
791	597	1301
792	716	1106
793	665	1158
794	656	1219
795	661	1222
796	719	1107
797	664	1202
798	657	1195
799	720	1107
800	702	1114
801	689	1155
802	712	1132
803	658	1225
804	718	1125
805	730	1126
806	679	1188
807	703	1149
808	684	1199
809	700	1173
810	702	1137
811	746	1078
812	705	1159
813	662	1238
814	671	1239
815	716	1174
816	680	1250
817	669	1247
818	657	1305
819	684	1215
820	605	1384
821	701	1189
822	759	1103
823	667	1260
824	671	1278
825	699	1248
826	653	1288
827	726	1206
828	709	1225
829	739	1143
830	687	1279
831	700	2342
832	765	1130
833	737	1159
834	753	1155
835	723	1248
836	685	1304
837	760	1133
838	675	1330
839	797	1089
840	722	1218
841	705	1242
842	705	1259
843	708	1234
844	750	1203
845	740	1206
846	711	1258
847	667	1356
848	678	1373
849	726	1301
850	725	1268
851	725	1262
852	782	1161
853	739	1314
854	904	1319
855	657	1460
856	708	1292
857	754	1268
858	742	1237
859	648	1427
860	722	1307
861	720	1314
862	719	1305
863	712	1294
864	718	1295
865	711	1361
866	829	1094
867	807	1097
868	736	1277
869	809	1131
870	837	1237
871	757	1263
872	796	1277
873	767	1286
874	745	1361
875	774	1237
876	822	1146
877	775	1221
878	834	1131
879	742	1343
880	715	1410
881	712	1374
882	738	1316
883	778	1216
884	701	1473
885	757	1252
886	775	1259
887	744	1336
888	758	1363
889	766	1262
890	730	1387
891	768	1274
892	817	1263
893	741	1376
894	722	1817
895	718	1444
896	733	1429
897	722	1407
898	821	1197
899	810	1223
900	759	1343
901	793	1333
902	712	1439
903	770	1332
904	754	1361
905	738	1393
906	697	1500
907	730	1423
908	738	1434
909	767	1366
910	820	1301
911	804	1285
912	832	1225
913	734	1433
914	793	1359
915	736	1447
916	745	1500
917	747	1412
918	761	1428
919	727	1492
920	755	1422
921	805	1310
922	762	1408
923	791	1404
924	792	1348
925	776	1410
926	818	1324
927	771	1424
928	762	1469
929	786	1384
930	859	1218
931	863	1267
932	801	1410
933	766	1442
934	765	1447
935	775	1414
936	775	1436
937	745	1551
938	824	1307
939	793	1428
940	762	1481
941	872	1309
942	774	1440
943	802	1375
944	796	1437
945	839	1323
946	772	1501
947	776	1476
948	743	1542
949	698	1619
950	836	1351
951	841	1380
952	730	1620
953	802	1446
954	772	1491
955	782	1484
956	766	1551
957	741	1629
958	880	1378
959	773	1547
960	836	1409
961	828	1404
962	751	2685
963	758	1628
964	787	1506
965	822	1449
966	784	1528
967	805	1480
968	887	1284
969	854	1378
970	917	1251
971	874	1358
972	801	1488
973	854	1402
974	800	1519
975	843	1370
976	780	1523
977	847	1431
978	846	1389
979	821	1532
980	783	1549
981	837	1459
982	798	1547
983	806	1548
984	863	1397
985	798	1596
986	852	1452
987	847	1432
988	831	1474
989	827	1517
990	756	1692
991	811	1548
992	880	1410
993	822	1524
994	781	1575
995	815	1579
996	919	1349
997	792	1640
998	795	1625
999	846	1504
1000	832	1499
