#n	Vector(ns)	LinkedList(ns)
50	128	180
51	109	167
52	106	150
53	107	156
54	172	210
55	110	161
56	108	167
57	109	162
58	113	158
59	114	157
60	108	164
61	115	160
62	107	165
63	108	178
64	185	249
65	182	249
66	181	239
67	184	257
68	173	294
69	169	255
70	169	254
71	133	213
72	107	166
73	109	184
74	115	179
75	108	180
76	108	183
77	112	178
78	109	178
79	106	201
80	112	198
81	106	192
82	109	201
83	104	186
84	108	200
85	104	190
86	111	195
87	107	192
88	108	199
89	107	193
90	109	182
91	107	200
92	109	201
93	107	195
94	109	225
95	109	203
96	112	201
97	111	209
98	116	206
99	109	188
100	112	207
101	108	210
102	134	227
103	109	209
104	104	206
105	109	218
106	110	216
107	105	212
108	108	203
109	106	221
110	108	206
111	105	219
112	104	220
113	106	219
114	107	226
115	106	222
116	110	224
117	107	227
118	105	232
119	104	228
120	110	238
121	112	232
122	113	223
123	112	221
124	111	248
125	106	213
126	111	213
127	107	245
128	108	244
129	107	234
130	106	218
131	109	247
132	105	238
133	108	238
134	110	246
135	110	244
136	104	241
137	108	248
138	110	256
139	110	227
140	107	234
141	109	242
142	111	249
143	107	238
144	117	261
145	150	316
146	146	310
147	151	328
148	154	318
149	151	319
150	156	332
151	148	334
152	146	337
153	150	326
154	147	361
155	143	337
156	109	263
157	106	260
158	102	250
159	112	257
160	110	263
161	110	245
162	110	263
163	105	271
164	111	265
165	108	291
166	110	262
167	113	271
168	106	258
169	105	282
170	108	284
171	104	269
172	111	279
173	108	288
174	110	309
175	108	284
176	102	300
177	109	293
178	111	272
179	114	273
180	104	297
181	107	308
182	106	275
183	111	303
184	107	281
185	109	289
186	105	294
187	107	296
188	110	299
189	110	265
190	106	292
191	112	278
192	138	304
193	108	323
194	106	285
195	109	295
196	113	306
197	106	292
198	111	310
199	108	296
200	104	280
201	106	312
202	135	331
203	145	354
204	147	360
205	148	360
206	105	312
207	112	287
208	109	309
209	110	306
210	110	320
211	107	335
212	109	300
213	104	322
214	108	305
215	113	332
216	109	323
217	106	323
218	112	331
219	109	332
220	102	350
221	108	329
222	114	311
223	110	330
224	109	344
225	104	320
226	107	309
227	113	288
228	107	338
229	108	317
230	104	343
231	108	347
232	105	340
233	107	332
234	112	327
235	109	326
236	105	315
237	108	309
238	109	327
239	110	317
240	106	337
241	108	344
242	111	353
243	108	354
244	111	382
245	106	337
246	107	360
247	107	334
248	128	358
249	102	379
250	107	343
251	106	363
252	109	353
253	110	345
254	105	348
255	105	350
256	104	351
257	111	371
258	107	332
259	108	346
260	103	339
261	106	364
262	107	336
263	109	380
264	105	350
265	107	337
266	104	341
267	113	344
268	107	347
269	103	332
270	108	375
271	109	380
272	108	345
273	107	339
274	106	397
275	105	375
276	110	378
277	106	373
278	105	361
279	107	379
280	105	380
281	109	407
282	113	382
283	105	386
284	104	375
285	105	402
286	103	370
287	106	373
288	112	374
289	110	378
290	111	392
291	109	394
292	106	1550
293	104	395
294	106	401
295	110	397
296	105	403
297	109	356
298	118	398
299	105	387
300	106	392
301	108	408
302	107	396
303	105	406
304	108	417
305	113	399
306	105	394
307	112	409
308	109	394
309	103	386
310	109	397
311	109	431
312	104	418
313	109	388
314	107	411
315	108	395
316	109	410
317	107	421
318	106	391
319	110	428
320	104	434
321	109	418
322	106	388
323	107	387
324	113	413
325	108	377
326	108	436
327	103	432
328	107	426
329	104	407
330	107	432
331	104	414
332	108	431
333	108	430
334	105	442
335	106	425
336	113	427
337	108	371
338	108	465
339	105	434
340	110	455
341	109	436
342	113	455
343	107	453
344	107	426
345	105	417
346	108	455
347	109	449
348	105	419
349	108	451
350	115	419
351	109	448
352	104	462
353	107	463
354	112	428
355	107	475
356	107	468
357	109	483
358	107	474
359	106	429
360	106	438
361	106	465
362	108	450
363	109	483
364	110	449
365	111	496
366	102	433
367	105	448
368	112	491
369	103	465
370	107	451
371	110	454
372	109	467
373	110	492
374	109	463
375	109	449
376	105	482
377	109	462
378	104	448
379	108	486
380	110	473
381	109	488
382	107	484
383	112	533
384	106	483
385	104	440
386	109	506
387	105	447
388	108	512
389	112	451
390	106	461
391	108	473
392	109	513
393	107	502
394	108	499
395	109	499
396	109	505
397	103	477
398	108	490
399	108	470
400	107	460
401	107	517
402	103	536
403	110	509
404	106	1377
405	110	501
406	112	502
407	102	547
408	111	509
409	105	501
410	115	517
411	109	494
412	108	524
413	106	433
414	109	483
415	103	526
416	104	516
417	109	519
418	106	529
419	105	539
420	108	511
421	107	491
422	112	508
423	108	527
424	106	534
425	111	515
426	107	509
427	105	562
428	108	504
429	106	530
430	104	536
431	105	567
432	113	515
433	112	552
434	103	530
435	107	552
436	107	464
437	108	508
438	109	568
439	104	570
440	108	504
441	109	538
442	103	587
443	109	562
444	103	534
445	105	598
446	110	543
447	107	537
448	113	570
449	112	566
450	105	553
451	105	560
452	106	504
453	106	551
454	108	578
455	106	548
456	108	570
457	105	536
458	108	572
459	103	517
460	106	610
461	103	584
462	108	567
463	104	556
464	103	615
465	107	622
466	106	558
467	106	584
468	111	517
469	106	608
470	111	584
471	108	628
472	110	635
473	109	584
474	105	597
475	113	583
476	108	548
477	106	613
478	106	625
479	105	645
480	108	629
481	113	552
482	111	628
483	106	612
484	116	632
485	105	573
486	108	576
487	109	674
488	108	589
489	106	2232
490	114	586
491	108	588
492	109	614
493	104	568
494	105	646
495	111	644
496	111	603
497	108	703
498	109	641
499	106	603
500	106	640
501	109	611
502	115	612
503	110	693
504	106	668
505	105	687
506	112	628
507	107	670
508	106	732
509	113	642
510	108	679
511	108	690
512	106	745
513	104	695
514	114	652
515	107	675
516	107	673
517	107	659
518	106	664
519	107	658
520	110	673
521	108	680
522	107	640
523	109	676
524	104	714
525	107	663
526	113	650
527	105	688
528	104	742
529	115	1941
530	103	689
531	109	736
532	110	685
533	106	752
534	108	639
535	106	712
536	108	682
537	108	727
538	110	802
539	106	753
540	134	914
541	206	1115
542	116	664
543	166	1494
544	146	799
545	149	756
546	138	804
547	144	857
548	148	828
549	150	801
550	155	840
551	156	815
552	159	777
553	155	797
554	124	819
555	104	712
556	128	886
557	126	722
558	107	706
559	104	777
560	113	709
561	113	780
562	106	695
563	109	772
564	108	745
565	106	739
566	107	720
567	105	770
568	109	813
569	111	778
570	111	807
571	108	846
572	108	833
573	112	817
574	113	800
575	108	713
576	109	721
577	107	776
578	106	867
579	109	803
580	113	870
581	108	790
582	109	775
583	106	721
584	107	790
585	109	754
586	112	843
587	108	786
588	105	761
589	106	793
590	110	760
591	108	789
592	112	763
593	106	734
594	106	813
595	109	810
596	110	661
597	108	742
598	103	729
599	110	910
600	109	832
601	109	831
602	105	842
603	105	762
604	107	812
605	111	795
606	109	891
607	103	828
608	107	843
609	110	777
610	107	837
611	107	866
612	108	871
613	109	848
614	104	824
615	106	902
616	104	856
617	108	748
618	107	799
619	106	817
620	107	790
621	112	783
622	109	836
623	108	748
624	112	895
625	108	831
626	107	867
627	106	793
628	106	794
629	109	828
630	112	934
631	111	1010
632	115	758
633	108	900
634	107	821
635	107	860
636	109	829
637	112	874
638	110	797
639	114	855
640	105	946
641	106	949
642	104	893
643	105	853
644	107	816
645	110	816
646	114	869
647	113	943
648	107	932
649	106	903
650	107	959
651	108	881
652	109	926
653	107	881
654	105	855
655	108	840
656	105	929
657	112	875
658	110	849
659	104	921
660	107	993
661	110	931
662	110	895
663	140	1118
664	107	929
665	108	934
666	108	1025
667	110	884
668	109	956
669	155	1236
670	179	1413
671	181	1364
672	188	1372
673	106	854
674	106	933
675	107	930
676	125	900
677	111	1044
678	108	911
679	105	952
680	112	885
681	107	905
682	109	934
683	110	1004
684	105	1035
685	115	960
686	110	829
687	107	952
688	108	943
689	111	909
690	110	934
691	108	1013
692	112	939
693	109	1062
694	109	905
695	109	911
696	109	1003
697	105	957
698	108	1046
699	109	963
700	105	1004
701	115	958
702	111	1018
703	151	1062
704	106	966
705	111	909
706	109	994
707	107	981
708	108	960
709	112	964
710	112	976
711	147	1194
712	150	1135
713	108	961
714	112	915
715	112	1040
716	112	998
717	123	878
718	109	981
719	108	993
720	106	995
721	112	1022
722	109	1067
723	111	1024
724	108	1094
725	113	899
726	107	1030
727	103	1143
728	107	1106
729	106	1082
730	110	971
731	108	929
732	108	967
733	109	1036
734	110	1109
735	101	1036
736	108	1115
737	109	1041
738	141	1194
739	112	1098
740	105	1120
741	108	1089
742	112	1054
743	108	1039
744	108	1041
745	104	1100
746	112	1101
747	107	1057
748	105	1031
749	106	1073
750	108	1207
751	107	943
752	107	1031
753	109	1222
754	112	1112
755	107	1090
756	131	1165
757	110	1119
758	109	1102
759	109	1086
760	103	963
761	112	1036
762	111	1003
763	115	953
764	106	1077
765	107	1075
766	114	1065
767	113	1121
768	107	959
769	106	1074
770	104	1139
771	108	1057
772	170	1432
773	108	1066
774	110	1073
775	108	1119
776	107	1115
777	110	1123
778	113	1106
779	108	1120
780	113	1303
781	107	1094
782	106	1029
783	111	1134
784	108	1101
785	112	1104
786	108	1023
787	105	1237
788	104	1226
789	108	1186
790	105	1150
791	105	1054
792	114	1101
793	105	1140
794	110	1101
795	110	1092
796	109	1071
797	108	1173
798	105	1189
799	110	1102
800	105	1157
801	116	1048
802	107	1119
803	113	1174
804	106	1210
805	112	1157
806	105	1214
807	109	1348
808	107	1146
809	111	1122
810	111	1089
811	106	1198
812	111	1210
813	108	1252
814	106	1168
815	105	1106
816	119	1248
817	104	1155
818	107	1253
819	106	1160
820	108	1174
821	111	1217
822	109	1127
823	108	1370
824	107	1286
825	108	1210
826	104	1234
827	109	1119
828	110	1241
829	110	1135
830	110	1033
831	106	1082
832	109	1212
833	109	1154
834	109	1218
835	108	1213
836	111	1117
837	110	1163
838	108	1202
839	111	1218
840	109	1146
841	109	1197
842	109	1056
843	109	1291
844	106	1128
845	114	1247
846	108	1197
847	107	1172
848	109	1297
849	103	1102
850	107	1232
851	106	1307
852	105	1147
853	111	1310
854	108	1316
855	110	1277
856	107	1274
857	110	1296
858	105	1250
859	107	1159
860	109	1278
861	107	1209
862	120	1339
863	113	1243
864	108	1147
865	131	1466
866	105	1306
867	107	1347
868	110	1324
869	107	1205
870	114	1398
871	107	1398
872	111	1126
873	108	1327
874	110	1313
875	113	1304
876	109	1165
877	110	1331
878	110	1299
879	111	1279
880	113	1330
881	113	1166
882	114	1366
883	112	1145
884	110	1119
885	106	1354
886	110	2521
887	108	1410
888	109	1236
889	130	1384
890	113	1342
891	110	1352
892	108	1329
893	109	1289
894	107	1427
895	108	1433
896	107	1306
897	105	1148
898	106	1349
899	109	1436
900	104	1348
901	107	1312
902	108	1353
903	109	1328
904	110	1342
905	109	1305
906	108	1473
907	111	1373
908	106	1435
909	112	1393
910	105	1402
911	106	1437
912	112	1394
913	106	1460
914	104	1454
915	107	1413
916	112	1380
917	111	1437
918	106	1465
919	106	1250
920	108	1479
921	115	1441
922	106	1419
923	106	1383
924	107	1356
925	110	1365
926	110	1437
927	114	1312
928	108	1211
929	106	1268
930	111	1232
931	106	1386
932	111	1517
933	106	1293
934	111	1394
935	109	1393
936	108	1345
937	106	1435
938	108	1264
939	110	1346
940	109	1405
941	107	1176
942	105	1503
943	109	1422
944	106	1300
945	108	1269
946	104	1249
947	106	1296
948	107	1609
949	106	1255
950	107	1573
951	109	1397
952	107	1572
953	110	1230
954	105	1306
955	106	1329
956	105	1478
957	107	1388
958	104	1436
959	106	1268
960	103	1469
961	106	1326
962	106	1335
963	108	1301
964	121	1477
965	112	1492
966	106	1593
967	105	1453
968	105	1372
969	108	1460
970	108	1488
971	113	1484
972	107	1624
973	107	1621
974	107	1617
975	107	1434
976	111	1562
977	108	1513
978	112	1443
979	109	1572
980	111	1575
981	111	1606
982	111	1536
983	110	1503
984	105	1554
985	108	1485
986	106	1429
987	106	1459
988	113	1634
989	109	1562
990	108	1514
991	106	1466
992	113	1575
993	107	1584
994	107	1410
995	107	1463
996	105	1427
997	108	1716
998	107	1456
999	146	1873
1000	109	1528
