#n	Vector(ns)	LinkedList(ns)
50	70	121
51	79	121
52	70	124
53	69	123
54	76	123
55	78	127
56	77	136
57	84	130
58	84	133
59	80	138
60	216	139
61	88	133
62	80	140
63	84	148
64	100	152
65	85	159
66	93	160
67	97	161
68	98	168
69	98	159
70	95	167
71	99	161
72	99	165
73	105	166
74	103	178
75	106	180
76	101	202
77	105	221
78	116	177
79	111	192
80	113	190
81	116	195
82	111	205
83	112	201
84	120	189
85	119	206
86	129	207
87	124	205
88	128	210
89	133	216
90	124	217
91	125	221
92	137	217
93	141	228
94	143	230
95	138	229
96	148	233
97	148	232
98	142	239
99	146	241
100	152	241
101	141	243
102	161	237
103	152	239
104	147	247
105	158	242
106	149	249
107	153	241
108	153	255
109	151	255
110	167	252
111	179	253
112	159	267
113	148	255
114	154	261
115	164	248
116	161	250
117	166	257
118	162	251
119	164	251
120	158	268
121	158	254
122	170	256
123	158	273
124	172	255
125	162	269
126	169	260
127	179	262
128	172	257
129	164	268
130	170	272
131	169	277
132	176	266
133	174	274
134	170	271
135	166	279
136	172	271
137	174	268
138	177	268
139	179	269
140	177	274
141	184	271
142	183	270
143	179	275
144	184	274
145	177	279
146	175	286
147	181	289
148	192	273
149	183	293
150	186	282
151	185	281
152	193	302
153	176	289
154	198	287
155	187	292
156	179	286
157	205	283
158	175	304
159	194	287
160	199	285
161	185	286
162	202	453
163	208	300
164	210	308
165	198	451
166	190	320
167	186	306
168	191	302
169	198	303
170	191	312
171	208	294
172	211	290
173	202	308
174	200	307
175	216	290
176	204	318
177	209	296
178	207	310
179	197	314
180	204	308
181	202	312
182	217	313
183	214	307
184	220	311
185	200	332
186	203	328
187	208	314
188	213	313
189	213	309
190	220	317
191	214	312
192	224	312
193	206	339
194	218	340
195	213	324
196	223	322
197	224	333
198	231	322
199	224	326
200	225	324
201	218	330
202	222	325
203	221	342
204	233	330
205	233	327
206	221	347
207	226	345
208	240	336
209	241	349
210	229	337
211	229	348
212	235	333
213	232	342
214	264	334
215	282	338
216	260	338
217	267	367
218	266	380
219	261	389
220	232	373
221	255	359
222	241	345
223	245	346
224	238	351
225	242	352
226	246	365
227	272	353
228	266	358
229	292	332
230	275	349
231	273	354
232	260	370
233	271	362
234	278	342
235	266	393
236	280	358
237	273	362
238	254	380
239	279	361
240	289	350
241	273	364
242	249	363
243	251	360
244	300	347
245	281	359
246	280	373
247	315	366
248	274	400
249	267	381
250	273	386
251	270	382
252	267	373
253	268	371
254	271	373
255	262	377
256	311	354
257	284	380
258	289	381
259	290	385
260	263	383
261	269	403
262	315	368
263	300	370
264	309	375
265	287	394
266	292	389
267	292	395
268	290	396
269	281	397
270	294	404
271	304	377
272	296	413
273	311	394
274	283	416
275	289	406
276	294	405
277	293	399
278	299	408
279	314	400
280	325	387
281	313	381
282	297	408
283	328	515
284	300	439
285	358	391
286	307	406
287	306	410
288	319	403
289	315	406
290	299	424
291	296	424
292	328	401
293	345	379
294	310	417
295	322	410
296	342	396
297	315	430
298	321	407
299	304	427
300	328	416
301	327	404
302	316	435
303	332	421
304	327	415
305	344	403
306	326	427
307	316	438
308	322	422
309	329	439
310	333	421
311	314	437
312	346	433
313	331	433
314	329	428
315	353	429
316	352	447
317	357	442
318	349	417
319	350	458
320	365	437
321	370	439
322	365	434
323	369	580
324	348	438
325	349	438
326	342	433
327	344	441
328	354	437
329	340	453
330	342	444
331	335	455
332	342	456
333	342	456
334	369	431
335	321	480
336	354	447
337	348	472
338	349	457
339	352	458
340	372	438
341	345	455
342	353	445
343	368	439
344	349	457
345	360	451
346	362	494
347	363	480
348	374	444
349	367	453
350	341	484
351	347	461
352	345	485
353	332	491
354	348	479
355	353	487
356	403	434
357	371	456
358	362	471
359	372	471
360	361	473
361	358	478
362	343	496
363	340	507
364	368	488
365	348	493
366	371	478
367	372	476
368	369	474
369	355	499
370	356	494
371	359	504
372	386	502
373	350	504
374	375	490
375	387	488
376	408	473
377	376	646
378	396	471
379	371	490
380	360	503
381	391	489
382	366	512
383	369	498
384	377	672
385	385	572
386	419	534
387	378	550
388	390	543
389	439	496
390	366	547
391	380	540
392	392	522
393	387	538
394	428	523
395	419	533
396	382	566
397	409	537
398	430	515
399	394	555
400	400	523
401	425	510
402	441	503
403	438	499
404	393	555
405	401	594
406	421	620
407	383	578
408	410	1710
409	436	587
410	424	553
411	433	546
412	404	567
413	415	567
414	424	563
415	381	596
416	558	536
417	400	580
418	433	534
419	450	519
420	404	586
421	429	544
422	395	579
423	441	502
424	415	535
425	414	560
426	406	567
427	397	593
428	550	556
429	384	573
430	441	510
431	394	560
432	403	550
433	404	569
434	422	570
435	408	600
436	414	606
437	449	578
438	409	606
439	428	585
440	542	570
441	366	694
442	460	552
443	397	616
444	404	637
445	431	587
446	465	712
447	485	541
448	411	583
449	429	552
450	435	533
451	442	738
452	428	598
453	463	545
454	422	572
455	397	602
456	468	537
457	408	590
458	430	634
459	435	614
460	407	604
461	462	537
462	433	566
463	419	692
464	448	709
465	466	736
466	450	658
467	443	665
468	398	693
469	416	663
470	449	652
471	469	617
472	421	611
473	440	595
474	438	656
475	449	639
476	459	579
477	439	605
478	450	593
479	466	583
480	410	647
481	406	673
482	458	603
483	414	650
484	411	663
485	454	605
486	453	610
487	450	606
488	472	646
489	470	685
490	456	648
491	452	647
492	431	627
493	432	609
494	465	610
495	475	616
496	437	616
497	444	688
498	454	659
499	450	654
500	457	601
501	435	624
502	446	618
503	447	672
504	445	723
505	432	656
506	481	601
507	468	601
508	470	617
509	490	591
510	435	656
511	432	685
512	446	658
513	470	650
514	453	663
515	453	716
516	472	635
517	520	635
518	596	688
519	426	705
520	498	657
521	466	798
522	456	676
523	466	642
524	475	707
525	482	799
526	427	706
527	491	635
528	497	663
529	455	672
530	449	720
531	489	645
532	479	668
533	444	723
534	454	701
535	464	695
536	486	649
537	469	717
538	479	663
539	484	682
540	455	724
541	458	892
542	483	724
543	506	669
544	458	716
545	452	752
546	510	644
547	463	707
548	495	673
549	458	734
550	492	744
551	528	738
552	519	710
553	497	743
554	472	790
555	487	766
556	468	788
557	500	742
558	494	772
559	507	761
560	480	850
561	531	771
562	482	836
563	517	777
564	481	816
565	483	820
566	508	783
567	527	787
568	514	799
569	523	761
570	521	760
571	510	811
572	487	843
573	493	849
574	510	853
575	508	838
576	540	882
577	570	771
578	512	794
579	518	843
580	512	794
581	553	753
582	512	814
583	511	819
584	558	744
585	564	752
586	570	742
587	511	817
588	542	794
589	572	938
590	487	854
591	514	853
592	512	865
593	533	800
594	538	827
595	519	824
596	559	775
597	540	816
598	547	795
599	520	838
600	482	924
601	523	843
602	532	837
603	551	841
604	498	908
605	537	977
606	576	788
607	569	802
608	589	769
609	535	906
610	534	839
611	562	834
612	543	851
613	552	846
614	565	809
615	550	948
616	532	885
617	561	846
618	518	884
619	580	817
620	570	859
621	553	858
622	595	845
623	561	848
624	496	990
625	549	884
626	562	862
627	523	897
628	560	848
629	502	977
630	527	919
631	573	868
632	571	832
633	518	940
634	551	909
635	533	942
636	588	889
637	551	894
638	545	954
639	571	910
640	567	919
641	586	839
642	540	930
643	598	824
644	624	776
645	543	957
646	583	853
647	597	933
648	568	886
649	581	2017
650	587	902
651	588	861
652	567	953
653	595	865
654	629	808
655	569	918
656	562	915
657	611	879
658	552	951
659	568	958
660	583	883
661	614	840
662	562	940
663	596	927
664	592	932
665	554	989
666	575	978
667	588	930
668	590	921
669	557	973
670	579	959
671	631	921
672	611	893
673	562	999
674	596	945
675	576	986
676	562	1008
677	563	998
678	570	1001
679	646	877
680	580	984
681	578	962
682	598	956
683	586	973
684	633	911
685	551	1050
686	548	1055
687	615	927
688	618	968
689	631	922
690	597	960
691	621	935
692	618	962
693	662	887
694	650	908
695	604	990
696	594	1002
697	637	949
698	607	986
699	576	1032
700	612	989
701	586	1029
702	612	982
703	630	1003
704	610	1004
705	628	988
706	673	890
707	675	879
708	637	1012
709	630	972
710	667	926
711	589	1082
712	607	1049
713	611	1067
714	621	1035
715	649	975
716	650	956
717	637	981
718	660	973
719	596	1093
720	611	1045
721	589	1138
722	653	980
723	618	1052
724	567	1178
725	664	930
726	629	1019
727	599	1088
728	635	1019
729	582	1200
730	667	1012
731	685	941
732	658	1084
733	661	994
734	605	1102
735	636	1070
736	581	1159
737	619	1132
738	650	1044
739	654	1008
740	657	1019
741	718	916
742	676	990
743	639	1061
744	718	930
745	649	1040
746	658	1075
747	613	1132
748	673	1027
749	643	1094
750	676	985
751	605	1183
752	610	1144
753	639	1090
754	599	1190
755	609	1194
756	649	1068
757	645	1146
758	673	1011
759	646	1078
760	630	1174
761	612	1185
762	660	1056
763	678	1061
764	656	1100
765	664	1111
766	660	1077
767	642	1145
768	674	1079
769	671	1081
770	719	1007
771	673	1096
772	676	1099
773	672	1115
774	687	1075
775	676	1081
776	701	1070
777	679	1093
778	664	1171
779	686	1127
780	610	1252
781	667	1156
782	603	1267
783	666	1157
784	642	1223
785	695	1078
786	697	1132
787	683	1146
788	628	1239
789	619	1268
790	692	1124
791	701	1107
792	696	1093
793	632	1272
794	652	1186
795	692	1125
796	682	1157
797	643	1235
798	755	1024
799	721	2349
800	692	1145
801	654	1257
802	692	1208
803	712	1172
804	684	1283
805	699	1180
806	749	1115
807	692	1206
808	678	1210
809	718	1166
810	714	1150
811	631	1308
812	668	1257
813	676	1208
814	687	1247
815	674	1243
816	751	1097
817	691	1227
818	706	1189
819	647	1347
820	698	1403
821	781	1379
822	670	1332
823	695	1310
824	705	1293
825	762	1085
826	635	1371
827	693	1238
828	673	1280
829	693	1285
830	729	1231
831	757	1137
832	738	1148
833	753	1191
834	716	1174
835	717	1267
836	696	1287
837	688	1309
838	687	1325
839	733	1198
840	652	1409
841	809	1063
842	720	1213
843	718	1293
844	721	1259
845	833	1114
846	728	1251
847	732	1247
848	763	1180
849	679	1331
850	700	1322
851	763	1169
852	760	1169
853	704	1326
854	769	1249
855	710	1336
856	735	1235
857	762	1225
858	689	1370
859	693	1338
860	693	1316
861	736	1280
862	736	1282
863	755	1202
864	743	1263
865	705	2589
866	760	1299
867	763	1283
868	754	1289
869	754	1273
870	679	1456
871	792	1197
872	823	1145
873	686	1459
874	795	1276
875	739	1331
876	854	1057
877	709	1407
878	677	1477
879	716	1387
880	795	1171
881	764	1299
882	729	1386
883	725	1337
884	711	1405
885	749	1305
886	670	1494
887	797	1236
888	790	1244
889	748	1323
890	786	1330
891	757	1305
892	807	1219
893	776	1274
894	810	1251
895	717	1438
896	795	1261
897	736	1389
898	791	1273
899	735	1425
900	775	1307
901	744	1350
902	776	1365
903	819	1242
904	734	1448
905	782	1289
906	799	1315
907	760	1368
908	722	1453
909	749	1407
910	736	1415
911	803	1328
912	723	1462
913	727	1478
914	778	1333
915	817	1335
916	827	1265
917	780	1348
918	799	1378
919	750	1470
920	795	1350
921	823	1273
922	756	1412
923	775	1377
924	789	1345
925	872	1192
926	744	1484
927	750	1490
928	864	1262
929	827	1343
930	755	1430
931	725	1531
932	787	1375
933	724	1548
934	719	1514
935	840	1252
936	847	1267
937	809	1370
938	755	1479
939	793	1426
940	750	1564
941	750	1528
942	791	1425
943	857	1330
944	791	1459
945	757	1490
946	817	1415
947	727	1659
948	814	1448
949	772	1505
950	837	1369
951	815	1406
952	738	1601
953	815	1454
954	806	1508
955	890	1292
956	738	1638
957	704	1737
958	848	1353
959	751	1597
960	825	1411
961	828	1398
962	818	1439
963	771	1557
964	833	1401
965	768	1504
966	811	1441
967	719	1685
968	850	1382
969	749	1619
970	794	1570
971	753	1593
972	838	1405
973	818	1457
974	718	1688
975	842	1443
976	766	1558
977	838	1450
978	858	1404
979	778	1536
980	821	1487
981	824	1520
982	795	1534
983	817	1514
984	791	1574
985	750	1613
986	780	1602
987	848	1443
988	800	1548
989	798	1542
990	818	1516
991	861	1462
992	879	1462
993	846	1486
994	779	1616
995	819	1573
996	796	1569
997	820	1530
998	843	1557
999	831	1543
1000	873	1458
