#n	Vector(ns)	LinkedList(ns)
50	1606	557
51	825	251
52	834	259
53	834	264
54	1015	318
55	833	242
56	845	253
57	854	261
58	842	246
59	834	264
60	856	249
61	854	248
62	851	252
63	874	253
64	874	242
65	870	240
66	2042	360
67	880	254
68	887	244
69	895	253
70	878	250
71	878	243
72	894	247
73	899	257
74	1254	394
75	930	262
76	896	249
77	911	247
78	964	287
79	1118	328
80	1396	447
81	1514	528
82	1549	548
83	1545	521
84	1449	476
85	1024	298
86	941	249
87	975	249
88	1058	300
89	1387	421
90	1327	404
91	1293	381
92	1143	315
93	1122	301
94	987	260
95	1638	485
96	1217	351
97	984	251
98	991	257
99	1094	300
100	1010	253
101	992	260
102	1326	341
103	1264	457
104	1273	467
105	1284	483
106	1247	466
107	1355	459
108	2412	1054
109	2472	1128
110	2446	1027
111	2292	966
112	2506	974
113	2377	998
114	2403	1136
115	2401	1120
116	2447	1050
117	1582	545
118	1074	259
119	1067	261
120	1063	253
121	1065	250
122	1077	254
123	1079	254
124	1151	269
125	1097	256
126	1092	255
127	1099	258
128	1277	413
129	1172	261
130	1187	269
131	1112	259
132	1182	278
133	1124	254
134	1119	248
135	1324	333
136	1320	326
137	1149	242
138	1117	241
139	1118	243
140	1127	252
141	1125	257
142	1143	257
143	1163	257
144	1145	244
145	1163	257
146	1190	274
147	1181	246
148	1167	264
149	1223	254
150	1154	250
151	1178	265
152	1186	251
153	1170	246
154	1153	251
155	1178	248
156	1161	244
157	1182	251
158	1152	253
159	1203	254
160	1188	248
161	1211	260
162	1194	261
163	1177	249
164	1293	246
165	1202	259
166	1211	247
167	1198	246
168	1265	278
169	1204	253
170	1219	249
171	1236	246
172	1220	251
173	1222	252
174	1227	252
175	1240	248
176	1226	249
177	1226	244
178	1231	242
179	1239	249
180	1253	244
181	1264	242
182	1259	255
183	1284	260
184	1289	250
185	1291	244
186	1269	246
187	1281	249
188	1300	243
189	1280	238
190	1264	253
191	1318	245
192	1305	236
193	1287	245
194	1306	242
195	1312	267
196	1334	258
197	1342	262
198	1356	247
199	1304	252
200	1343	242
201	1355	238
202	1327	268
203	1313	245
204	1326	253
205	2389	246
206	1331	251
207	1353	244
208	1344	241
209	1358	243
210	1362	244
211	1391	261
212	1377	256
213	1422	265
214	1327	240
215	1339	251
216	1349	242
217	1337	237
218	1422	264
219	1346	238
220	1367	250
221	1383	254
222	1344	234
223	1353	249
224	1603	322
225	1406	238
226	1363	253
227	1350	253
228	1364	252
229	1379	251
230	1372	236
231	1380	233
232	1355	243
233	1598	331
234	1433	251
235	1379	242
236	1409	252
237	1384	252
238	1375	249
239	1442	251
240	1433	265
241	1402	248
242	1465	240
243	1442	251
244	1436	255
245	1415	243
246	1411	259
247	1422	248
248	1409	252
249	1466	243
250	1420	238
251	1443	245
252	1514	247
253	1504	252
254	1526	251
255	1492	238
256	1464	239
257	1446	245
258	1429	238
259	1488	240
260	1528	245
261	1552	252
262	1442	237
263	1451	239
264	1490	261
265	1468	237
266	1522	257
267	1447	245
268	1511	257
269	1536	259
270	1508	250
271	1548	266
272	1501	242
273	1492	231
274	1481	246
275	1489	246
276	1532	255
277	1518	242
278	1512	247
279	1549	238
280	1569	255
281	1547	255
282	1536	243
283	1561	252
284	1540	237
285	1546	249
286	1537	234
287	1549	242
288	1545	249
289	1545	241
290	1579	247
291	1619	246
292	1610	288
293	1594	249
294	1614	260
295	1571	242
296	1571	243
297	1601	250
298	1587	249
299	1619	255
300	1600	245
301	1593	257
302	1587	240
303	1593	252
304	1604	250
305	1605	238
306	1629	255
307	1603	251
308	1638	249
309	1622	256
310	1636	255
311	1617	243
312	1638	251
313	1649	242
314	1662	245
315	1687	252
316	1640	245
317	1696	251
318	1682	265
319	1680	253
320	1645	249
321	1692	258
322	1719	248
323	1718	254
324	1686	255
325	1682	245
326	1703	244
327	1894	291
328	1751	253
329	1810	275
330	1696	237
331	1737	255
332	1765	248
333	1705	257
334	1711	246
335	1694	236
336	1733	270
337	1717	247
338	1730	257
339	1755	235
340	1776	255
341	1742	232
342	1750	241
343	1747	248
344	1771	245
345	1776	251
346	1728	235
347	1755	245
348	1746	229
349	1759	246
350	1801	240
351	1782	242
352	1776	247
353	1849	272
354	1849	264
355	1794	251
356	1810	234
357	1801	238
358	1802	235
359	1806	244
360	1780	235
361	1790	236
362	1825	234
363	2000	309
364	1814	254
365	1794	252
366	1814	244
367	1800	251
368	1780	248
369	1797	240
370	1867	238
371	1865	251
372	1886	242
373	1857	255
374	1853	242
375	1885	243
376	1868	250
377	1877	247
378	1898	253
379	1987	288
380	1942	256
381	1938	271
382	1973	267
383	1916	265
384	1922	251
385	1920	241
386	2424	403
387	1943	278
388	1923	245
389	1947	250
390	1945	256
391	1969	270
392	1959	248
393	1902	248
394	1903	255
395	2082	310
396	1962	268
397	1970	274
398	1938	253
399	1908	246
400	1921	267
401	1931	240
402	1899	246
403	2024	276
404	2327	371
405	1932	241
406	1939	244
407	1978	250
408	1938	243
409	2170	310
410	2319	360
411	1930	248
412	1944	237
413	1933	242
414	1936	232
415	1977	263
416	2800	568
417	2562	402
418	2705	426
419	2550	395
420	2653	435
421	3120	505
422	1974	243
423	1981	242
424	1987	244
425	1999	237
426	1989	247
427	1995	245
428	2003	245
429	2031	245
430	2021	234
431	2552	350
432	2682	444
433	2644	410
434	2580	381
435	2902	436
436	2791	460
437	2895	469
438	2055	235
439	2070	256
440	2113	266
441	3931	631
442	2117	246
443	2066	245
444	2217	289
445	2098	250
446	2107	245
447	2341	266
448	2940	423
449	2825	631
450	2650	365
451	2079	256
452	2121	254
453	2060	250
454	2148	248
455	2090	247
456	2149	267
457	2087	238
458	2124	242
459	2145	252
460	2184	245
461	2163	264
462	2163	242
463	2118	253
464	2142	243
465	2194	267
466	2236	254
467	2184	244
468	2207	235
469	2201	247
470	2191	241
471	2215	242
472	2170	244
473	2240	236
474	2218	239
475	2221	237
476	2191	252
477	2225	244
478	2260	251
479	2253	242
480	2256	244
481	2285	240
482	2265	237
483	2269	241
484	2270	238
485	2241	246
486	2299	238
487	2309	234
488	2275	235
489	2258	241
490	2318	238
491	2368	247
492	2380	288
493	2291	249
494	2339	245
495	2314	244
496	2280	240
497	2357	236
498	2271	244
499	2312	246
500	2270	244
501	2275	240
502	2301	236
503	2314	239
504	2350	241
505	2353	242
506	2379	247
507	2395	256
508	3607	485
509	2391	243
510	2400	247
511	2369	241
512	2412	241
513	2392	251
514	2400	239
515	2407	244
516	2426	249
517	2403	241
518	2425	242
519	2452	250
520	2437	244
521	2428	237
522	2439	238
523	2396	243
524	2385	253
525	2414	243
526	2459	239
527	2445	243
528	2426	238
529	2405	238
530	2424	245
531	2437	240
532	2437	245
533	2447	244
534	2445	238
535	2438	259
536	2429	228
537	2479	228
538	2503	236
539	2414	233
540	2474	225
541	2507	225
542	2463	243
543	3316	404
544	4055	541
545	3093	397
546	3318	411
547	3104	411
548	2480	234
549	2514	229
550	2510	260
551	3806	483
552	2744	268
553	3903	442
554	3777	464
555	3433	481
556	2574	234
557	2491	235
558	2551	239
559	3592	409
560	3500	432
561	2600	235
562	2525	228
563	2541	227
564	2567	234
565	2539	240
566	2529	239
567	2545	246
568	2526	229
569	2585	233
570	2541	1233
571	2632	238
572	2582	240
573	2527	243
574	2584	244
575	2611	234
576	2633	237
577	2929	297
578	2649	257
579	2619	247
580	2581	238
581	2538	245
582	2534	253
583	2708	250
584	2555	243
585	2559	235
586	2577	246
587	3847	527
588	2568	232
589	2543	244
590	2614	244
591	2585	241
592	2602	242
593	2626	245
594	2577	243
595	2637	240
596	2642	240
597	2695	266
598	2611	236
599	2634	243
600	2617	244
601	2655	250
602	2632	254
603	2642	239
604	2634	244
605	2651	237
606	2685	293
607	2705	243
608	2649	245
609	2666	255
610	2726	260
611	2712	241
612	2639	244
613	2663	242
614	2704	236
615	2674	242
616	2684	237
617	2684	241
618	2672	239
619	2685	240
620	2710	246
621	2703	247
622	2697	241
623	2672	239
624	2728	249
625	2692	240
626	2736	242
627	2905	238
628	2828	240
629	2789	238
630	2895	305
631	2816	253
632	2794	260
633	2787	266
634	2829	236
635	2834	244
636	2832	249
637	2804	244
638	3053	274
639	3004	252
640	2802	245
641	2839	245
642	2925	234
643	3053	244
644	2884	238
645	2856	246
646	2994	248
647	2981	236
648	2836	239
649	2832	240
650	2929	242
651	3069	233
652	2853	252
653	2850	237
654	2910	241
655	3056	266
656	2908	239
657	2858	234
658	3018	235
659	2939	233
660	2861	227
661	2862	244
662	2779	245
663	2870	240
664	2864	241
665	2871	242
666	2849	242
667	2854	231
668	2882	248
669	2882	237
670	2879	238
671	2861	241
672	2889	236
673	2886	233
674	2845	239
675	2875	244
676	2882	235
677	2935	255
678	2867	255
679	2909	239
680	2931	240
681	2946	239
682	2941	247
683	2989	227
684	2896	235
685	2906	255
686	2964	232
687	2880	228
688	2941	237
689	2927	230
690	2936	235
691	2997	226
692	2908	232
693	2973	230
694	2972	234
695	2980	234
696	2990	231
697	2995	225
698	3158	318
699	3021	236
700	2968	240
701	2980	239
702	2949	239
703	2991	235
704	2981	234
705	2948	237
706	3009	235
707	2965	234
708	3012	226
709	2963	254
710	3038	242
711	3000	227
712	2992	241
713	2961	233
714	3025	234
715	2989	229
716	3013	241
717	3007	250
718	3020	253
719	3016	263
720	3022	240
721	3036	231
722	2965	237
723	2986	237
724	3052	233
725	3151	228
726	3037	249
727	2986	233
728	3012	235
729	3029	235
730	3129	255
731	2996	235
732	3032	242
733	3067	241
734	3053	252
735	3012	242
736	3051	236
737	3047	232
738	3063	241
739	3079	257
740	3067	242
741	3063	231
742	3071	237
743	3144	246
744	3195	234
745	3076	241
746	3092	240
747	3059	234
748	3107	238
749	3081	242
750	3087	245
751	3124	237
752	3091	233
753	3119	246
754	3104	229
755	3118	241
756	3106	237
757	3166	255
758	3333	247
759	3395	241
760	3356	329
761	3304	247
762	3430	253
763	3409	246
764	3205	242
765	3142	253
766	3332	245
767	3372	237
768	3111	247
769	3121	242
770	3380	243
771	3375	240
772	3167	238
773	3210	252
774	4899	449
775	3432	249
776	3146	242
777	3194	248
778	3382	244
779	3622	297
780	3229	251
781	3194	235
782	3386	241
783	3457	234
784	3192	240
785	3200	245
786	3356	242
787	3450	236
788	3231	239
789	3218	237
790	3348	248
791	3415	244
792	3201	229
793	3239	243
794	3388	243
795	3500	240
796	3297	243
797	3289	242
798	3608	298
799	3440	246
800	3262	244
801	3239	246
802	3483	239
803	3472	238
804	3326	236
805	3261	240
806	3427	248
807	3458	237
808	3263	237
809	3269	235
810	3675	302
811	3521	242
812	3268	236
813	3307	242
814	3536	250
815	3546	239
816	3367	240
817	3401	260
818	3521	251
819	3538	247
820	3319	239
821	3300	240
822	3481	237
823	3437	245
824	3322	242
825	3328	240
826	3359	240
827	3324	232
828	3384	229
829	3377	229
830	3334	238
831	3335	232
832	3313	232
833	3337	232
834	3362	237
835	3404	235
836	3413	244
837	3386	238
838	3392	238
839	3422	228
840	3425	241
841	3416	246
842	3395	251
843	3464	244
844	3437	260
845	3416	238
846	3414	239
847	3411	237
848	3428	222
849	3451	249
850	3515	259
851	3425	240
852	3471	238
853	3475	235
854	4250	383
855	4439	419
856	4207	372
857	3456	242
858	3470	240
859	3544	239
860	3444	233
861	3444	241
862	3442	241
863	3466	252
864	3503	241
865	3481	238
866	3475	235
867	3502	229
868	3497	233
869	3457	226
870	3513	251
871	3624	283
872	3518	244
873	3468	250
874	3844	350
875	3472	255
876	3528	245
877	3437	240
878	3525	250
879	3498	242
880	3545	244
881	3478	237
882	3659	269
883	3525	234
884	3543	238
885	3566	255
886	3587	236
887	3510	256
888	3601	261
889	3536	252
890	3606	247
891	3583	250
892	3595	239
893	3507	244
894	3600	240
895	3517	240
896	3569	237
897	3565	241
898	3614	244
899	3553	244
900	3620	235
901	3571	243
902	3593	233
903	3574	247
904	3567	250
905	4018	369
906	3620	255
907	3664	248
908	3641	246
909	3618	235
910	3627	242
911	3625	233
912	3665	249
913	3622	239
914	3683	240
915	3614	244
916	3957	240
917	3685	236
918	3688	237
919	3776	229
920	3735	242
921	3657	242
922	3870	298
923	3714	267
924	3816	267
925	3905	1359
926	4095	259
927	4043	255
928	4135	256
929	3827	265
930	3926	280
931	4053	252
932	3801	263
933	3993	269
934	4126	259
935	3819	256
936	3995	270
937	4123	266
938	3994	275
939	3970	272
940	4117	256
941	3846	257
942	4000	271
943	4103	257
944	3807	252
945	3955	274
946	4176	258
947	3852	253
948	3954	261
949	4086	250
950	3839	243
951	3994	266
952	4173	257
953	3844	256
954	4019	267
955	4219	256
956	3925	264
957	4036	260
958	4194	252
959	3880	244
960	4013	266
961	4153	264
962	3895	256
963	3998	267
964	4230	257
965	3851	253
966	3992	262
967	4180	249
968	3937	248
969	4059	271
970	4200	286
971	3892	230
972	4123	229
973	4299	237
974	3947	236
975	4093	241
976	4196	264
977	3957	227
978	3942	234
979	4089	232
980	4234	242
981	3924	235
982	4141	236
983	4333	237
984	3988	240
985	4175	233
986	4435	266
987	3972	231
988	4148	229
989	4294	241
990	4028	229
991	4173	235
992	4303	241
993	4019	229
994	4179	239
995	4353	243
996	3954	232
997	4121	239
998	4346	244
999	3980	232
1000	4155	233
