#n	Vector(ns)	LinkedList(ns)
50	168	189
51	171	178
52	165	184
53	170	188
54	171	189
55	168	185
56	158	189
57	153	181
58	157	184
59	154	178
60	156	187
61	164	193
62	152	184
63	173	200
64	165	197
65	169	200
66	173	187
67	169	204
68	170	194
69	177	207
70	181	205
71	173	191
72	180	212
73	173	206
74	185	209
75	168	199
76	201	223
77	177	203
78	181	206
79	175	204
80	185	210
81	192	213
82	187	210
83	177	225
84	187	233
85	180	213
86	192	219
87	190	221
88	181	224
89	213	257
90	199	237
91	198	230
92	207	247
93	200	236
94	204	242
95	201	236
96	186	222
97	205	240
98	206	248
99	204	241
100	207	236
101	191	239
102	211	249
103	197	229
104	201	234
105	208	251
106	205	263
107	215	247
108	211	253
109	208	247
110	207	248
111	214	261
112	206	255
113	199	247
114	216	273
115	206	246
116	201	248
117	217	265
118	222	263
119	211	264
120	223	270
121	239	274
122	212	296
123	211	277
124	221	265
125	234	299
126	220	297
127	208	273
128	217	267
129	227	301
130	219	289
131	225	299
132	221	286
133	214	286
134	225	282
135	214	283
136	219	279
137	226	286
138	207	260
139	217	276
140	216	283
141	225	289
142	216	269
143	229	297
144	236	305
145	245	318
146	230	286
147	221	307
148	245	311
149	224	287
150	224	294
151	235	315
152	235	312
153	216	278
154	235	300
155	232	317
156	241	308
157	253	326
158	275	337
159	244	306
160	238	306
161	238	306
162	246	327
163	230	309
164	247	325
165	246	323
166	257	323
167	240	330
168	254	342
169	243	319
170	267	354
171	252	344
172	251	339
173	277	363
174	246	335
175	239	330
176	244	346
177	257	343
178	275	353
179	256	360
180	259	353
181	255	319
182	254	333
183	265	379
184	264	352
185	273	352
186	254	333
187	423	356
188	274	356
189	269	363
190	281	536
191	354	473
192	277	355
193	262	361
194	262	346
195	264	364
196	298	401
197	272	378
198	292	402
199	282	390
200	275	383
201	287	392
202	293	396
203	274	363
204	315	419
205	292	401
206	293	404
207	293	415
208	296	417
209	298	412
210	288	401
211	300	408
212	308	441
213	302	412
214	279	381
215	291	390
216	295	403
217	291	403
218	292	406
219	285	412
220	310	414
221	313	404
222	306	442
223	320	444
224	307	434
225	287	400
226	316	402
227	333	424
228	308	436
229	327	435
230	331	472
231	322	439
232	320	420
233	319	416
234	326	426
235	320	432
236	340	445
237	342	450
238	328	437
239	327	428
240	359	470
241	332	424
242	313	419
243	302	405
244	292	427
245	302	417
246	334	457
247	319	456
248	342	498
249	334	443
250	342	469
251	338	476
252	311	448
253	316	439
254	315	441
255	354	467
256	337	474
257	318	431
258	312	448
259	324	466
260	352	487
261	336	495
262	350	500
263	335	489
264	345	489
265	344	477
266	326	434
267	329	452
268	341	489
269	368	527
270	378	564
271	340	481
272	357	497
273	329	454
274	329	452
275	351	506
276	339	520
277	341	484
278	417	588
279	341	490
280	362	514
281	364	504
282	360	512
283	329	456
284	333	467
285	348	509
286	353	520
287	363	520
288	373	535
289	344	482
290	389	549
291	368	504
292	364	519
293	384	564
294	362	526
295	354	515
296	511	703
297	490	667
298	479	614
299	482	648
300	351	498
301	371	528
302	364	527
303	372	527
304	373	543
305	337	483
306	374	534
307	372	540
308	350	515
309	359	503
310	352	497
311	347	497
312	368	526
313	374	548
314	372	555
315	353	507
316	353	513
317	352	511
318	379	542
319	549	615
320	358	510
321	376	561
322	395	599
323	387	587
324	407	591
325	412	612
326	395	558
327	370	522
328	376	532
329	367	544
330	404	574
331	395	565
332	392	577
333	386	591
334	397	561
335	394	572
336	368	535
337	382	550
338	391	542
339	393	613
340	387	561
341	414	618
342	409	594
343	387	578
344	411	606
345	374	548
346	398	579
347	399	585
348	396	587
349	417	591
350	362	543
351	387	560
352	395	602
353	406	599
354	380	572
355	394	582
356	386	564
357	398	573
358	382	584
359	372	542
360	409	596
361	382	729
362	382	547
363	390	556
364	419	590
365	422	605
366	396	585
367	403	602
368	440	656
369	401	582
370	383	555
371	434	641
372	441	647
373	437	634
374	435	641
375	408	607
376	445	651
377	395	611
378	390	558
379	386	559
380	411	586
381	354	514
382	406	607
383	422	626
384	423	640
385	405	614
386	410	587
387	432	624
388	479	664
389	412	612
390	437	645
391	412	616
392	454	646
393	445	646
394	408	585
395	453	671
396	449	646
397	440	620
398	433	614
399	444	659
400	435	657
401	500	749
402	446	641
403	439	638
404	431	649
405	477	719
406	438	658
407	427	648
408	452	660
409	430	623
410	451	656
411	421	610
412	426	641
413	455	685
414	455	688
415	457	694
416	476	699
417	469	686
418	432	652
419	447	669
420	484	700
421	491	719
422	413	607
423	493	712
424	463	691
425	480	737
426	521	786
427	490	720
428	471	692
429	452	658
430	482	669
431	500	668
432	496	665
433	486	676
434	511	708
435	548	752
436	516	708
437	555	753
438	554	768
439	546	773
440	531	741
441	534	780
442	520	727
443	586	775
444	521	744
445	512	708
446	566	797
447	505	707
448	531	759
449	524	720
450	509	723
451	534	772
452	606	874
453	540	761
454	612	871
455	571	827
456	556	816
457	540	754
458	586	829
459	540	784
460	555	811
461	575	857
462	511	730
463	618	892
464	548	790
465	561	806
466	543	776
467	528	781
468	584	836
469	539	821
470	611	882
471	614	894
472	504	737
473	569	804
474	546	796
475	557	827
476	553	801
477	557	794
478	531	799
479	588	867
480	546	837
481	591	880
482	574	836
483	611	907
484	553	826
485	570	853
486	626	968
487	562	842
488	610	923
489	588	834
490	590	905
491	598	927
492	636	938
493	568	762
494	601	940
495	553	832
496	582	904
497	612	947
498	574	914
499	640	958
500	585	860
501	572	906
502	633	1013
503	574	862
504	602	990
505	592	901
506	590	896
507	603	981
508	572	906
509	624	949
510	615	927
511	557	871
512	590	921
513	570	882
514	587	934
515	642	991
516	563	866
517	572	913
518	612	982
519	613	966
520	595	904
521	640	1061
522	579	890
523	637	1034
524	608	1033
525	616	1019
526	612	956
527	647	1016
528	583	939
529	582	926
530	607	978
531	579	941
532	566	897
533	578	923
534	589	946
535	593	1026
536	562	937
537	557	962
538	579	971
539	529	911
540	646	1134
541	546	899
542	558	956
543	604	1012
544	595	1022
545	612	1067
546	583	1072
547	564	978
548	601	1031
549	613	1083
550	603	1042
551	612	1086
552	542	946
553	597	1028
554	590	1020
555	542	917
556	588	996
557	591	1026
558	607	1033
559	607	1070
560	607	1062
561	610	1099
562	590	1033
563	581	984
564	569	968
565	595	1104
566	609	1084
567	556	931
568	587	995
569	625	1114
570	556	987
571	585	1027
572	596	1029
573	565	996
574	629	1117
575	539	931
576	557	935
577	590	1018
578	622	1087
579	617	1140
580	568	971
581	622	1102
582	653	1127
583	576	1000
584	634	1131
585	647	1176
586	616	1065
587	568	941
588	596	1046
589	591	1079
590	683	1241
591	669	1237
592	631	1108
593	653	1120
594	601	1048
595	662	1220
596	602	1046
597	643	1144
598	651	1200
599	641	1151
600	655	1198
601	661	1188
602	658	1149
603	623	1114
604	710	1206
605	624	1072
606	614	1110
607	664	1135
608	691	1214
609	625	1156
610	635	1138
611	653	1128
612	644	1137
613	648	1132
614	665	1228
615	615	1118
616	601	1061
617	689	1330
618	624	1130
619	653	1196
620	650	1134
621	676	1246
622	625	1128
623	659	1129
624	656	1190
625	650	1145
626	658	1206
627	626	1130
628	645	1123
629	732	1272
630	619	1116
631	695	1244
632	682	1296
633	643	1164
634	675	1222
635	629	1179
636	675	1590
637	633	1078
638	656	1165
639	638	1192
640	682	1288
641	700	1175
642	687	1265
643	658	1120
644	659	1203
645	665	1195
646	695	1254
647	721	1206
648	629	1117
649	638	1168
650	647	1155
651	703	1258
652	694	1262
653	740	1346
654	721	1268
655	748	1300
656	593	1088
657	655	1212
658	711	1260
659	605	1096
660	714	1256
661	633	1161
662	694	1260
663	663	1279
664	667	1185
665	738	1346
666	683	1252
667	703	1269
668	740	1410
669	639	1135
670	658	1174
671	762	1341
672	690	1308
673	706	1244
674	707	1257
675	728	1313
676	689	1207
677	722	1284
678	740	1333
679	692	1218
680	738	1388
681	675	1278
682	705	1228
683	686	1281
684	688	1352
685	747	1519
686	719	1274
687	678	1268
688	799	1439
689	708	1386
690	736	1350
691	735	1455
692	704	1268
693	642	1214
694	733	1325
695	767	1534
696	1076	1887
697	739	1461
698	744	1359
699	704	1319
700	772	1450
701	665	1252
702	733	1266
703	717	1387
704	768	1560
705	690	1327
706	725	1281
707	703	1367
708	736	1407
709	723	1389
710	717	1389
711	778	1501
712	763	1363
713	687	1303
714	811	1474
715	764	1512
716	754	1428
717	723	1377
718	747	1317
719	764	1500
720	744	1405
721	748	1470
722	767	1404
723	748	1452
724	758	1353
725	719	1291
726	788	1382
727	666	1258
728	794	1440
729	745	1386
730	770	1374
731	767	1498
732	764	1479
733	757	1504
734	822	1458
735	740	1421
736	724	1311
737	703	1350
738	767	1433
739	768	1565
740	820	1486
741	767	1384
742	852	1563
743	867	1597
744	807	1485
745	767	1514
746	722	1280
747	743	1395
748	823	1524
749	726	1379
750	824	1500
751	742	1335
752	774	1497
753	782	1573
754	800	1598
755	805	1497
756	873	1573
757	753	1460
758	800	1419
759	718	1371
760	838	1502
761	725	1402
762	798	1494
763	807	1471
764	829	1538
765	793	1487
766	777	1561
767	762	1398
768	791	1442
769	782	1552
770	802	1451
771	706	1331
772	804	1455
773	776	1490
774	808	1405
775	731	1423
776	689	1209
777	751	1436
778	903	1651
779	858	1731
780	759	1380
781	804	1558
782	830	1518
783	740	1421
784	819	1498
785	759	1456
786	801	1544
787	764	1445
788	834	1484
789	830	1659
790	860	1540
791	795	1616
792	797	1527
793	798	1457
794	831	1480
795	851	1550
796	779	1497
797	833	1546
798	888	2345
799	801	1464
800	834	1546
801	817	1595
802	854	1529
803	798	1483
804	879	1536
805	784	1509
806	831	1483
807	790	1560
808	820	1517
809	847	1547
810	933	1705
811	818	1531
812	759	1339
813	812	1589
814	886	1622
815	765	1477
816	772	1393
817	845	1589
818	924	1610
819	781	1509
820	883	1552
821	834	1511
822	911	1734
823	836	1536
824	866	1590
825	815	1548
826	844	1545
827	841	1637
828	896	1610
829	740	1466
830	901	1586
831	825	1637
832	853	1560
833	852	1677
834	868	1620
835	822	1682
836	821	1516
837	842	1668
838	840	1674
839	838	1689
840	855	1607
841	897	1798
842	897	1739
843	830	1655
844	926	1691
845	808	1554
846	887	1608
847	882	1779
848	837	1498
849	858	1750
850	844	1574
851	887	1761
852	851	1579
853	823	1599
854	783	1493
855	793	1560
856	957	1730
857	881	1733
858	953	1778
859	876	1724
860	829	1465
861	759	1485
862	942	1758
863	910	1856
864	833	1523
865	888	1728
866	873	1695
867	829	1686
868	842	1681
869	856	1678
870	899	1775
871	879	1726
872	912	1738
873	815	1558
874	887	1736
875	927	1847
876	930	1717
877	791	1516
878	939	1679
879	794	1552
880	823	1594
881	844	1556
882	1038	1831
883	930	1961
884	913	1762
885	811	1575
886	976	1895
887	868	1741
888	904	1656
889	891	1778
890	1007	1822
891	908	1827
892	852	1643
893	808	1585
894	911	1698
895	948	1757
896	826	1639
897	847	1637
898	905	1776
899	863	1674
900	1026	2009
901	881	1777
902	846	1645
903	997	1872
904	884	1713
905	832	1586
906	988	1847
907	888	1753
908	953	1855
909	908	1799
910	890	1761
911	772	1462
912	931	1810
913	822	1647
914	960	1883
915	858	1584
916	890	1770
917	886	1656
918	879	1738
919	883	1676
920	912	1748
921	896	1736
922	889	1774
923	818	1609
924	1046	1970
925	865	1643
926	955	1902
927	826	1624
928	931	1783
929	894	1780
930	896	1807
931	811	1566
932	930	1844
933	846	1675
934	883	1742
935	895	1725
936	930	1798
937	916	1801
938	883	1687
939	887	1798
940	926	1689
941	952	1912
942	889	1733
943	910	1810
944	920	1857
945	909	1662
946	981	1896
947	998	1862
948	893	1745
949	996	1860
950	1076	1938
951	920	1781
952	1009	1874
953	934	1733
954	923	1885
955	1008	1957
956	963	1875
957	1040	1899
958	974	1869
959	946	1924
960	966	2021
961	1027	1909
962	956	1841
963	966	1730
964	1040	2014
965	1000	1908
966	941	1909
967	1027	1987
968	925	1846
969	1007	1930
970	909	1781
971	962	1815
972	885	1677
973	897	1755
974	1031	1988
975	1022	1931
976	923	1682
977	915	1740
978	1029	1880
979	997	1846
980	1031	1919
981	877	1708
982	876	1606
983	1049	1981
984	906	1789
985	1062	1944
986	1062	2002
987	953	1896
988	961	1951
989	977	1899
990	1043	1935
991	980	1897
992	1050	1978
993	1004	1916
994	983	2012
995	1038	1957
996	984	2029
997	1075	2063
998	918	1833
999	1041	2098
1000	965	1882
