#n	Vector(ns)	LinkedList(ns)
50	152	170
51	157	172
52	163	183
53	166	169
54	156	173
55	155	175
56	162	187
57	159	183
58	153	177
59	167	191
60	159	175
61	160	185
62	167	199
63	174	208
64	178	198
65	176	194
66	176	208
67	174	189
68	197	193
69	170	188
70	172	197
71	175	197
72	183	207
73	173	197
74	181	197
75	188	211
76	196	219
77	184	212
78	192	217
79	187	212
80	193	225
81	184	229
82	198	216
83	187	220
84	183	219
85	196	231
86	205	233
87	202	225
88	195	227
89	198	240
90	209	248
91	197	236
92	216	235
93	193	228
94	198	245
95	195	247
96	202	240
97	199	240
98	215	240
99	213	239
100	211	254
101	209	249
102	202	246
103	207	262
104	199	241
105	202	249
106	209	244
107	236	269
108	223	267
109	217	254
110	208	262
111	208	260
112	221	259
113	217	262
114	212	275
115	216	268
116	220	270
117	221	265
118	222	263
119	214	280
120	226	270
121	234	275
122	223	276
123	228	281
124	220	296
125	230	288
126	234	294
127	221	278
128	242	296
129	244	281
130	240	302
131	221	280
132	230	305
133	228	282
134	241	306
135	244	292
136	235	297
137	244	300
138	239	302
139	225	290
140	233	293
141	255	319
142	244	298
143	244	292
144	257	339
145	241	320
146	233	291
147	240	296
148	247	319
149	238	294
150	228	295
151	264	346
152	255	311
153	242	330
154	253	319
155	243	309
156	253	310
157	223	283
158	250	321
159	264	335
160	240	298
161	247	319
162	268	336
163	247	307
164	257	325
165	269	348
166	260	337
167	267	351
168	274	341
169	252	318
170	279	355
171	260	335
172	269	336
173	259	332
174	261	324
175	268	340
176	271	339
177	280	351
178	285	368
179	259	344
180	261	348
181	271	355
182	247	324
183	255	323
184	267	389
185	260	379
186	278	409
187	262	353
188	289	367
189	280	373
190	271	345
191	274	363
192	275	364
193	274	364
194	298	389
195	294	390
196	309	375
197	283	372
198	280	363
199	287	357
200	284	362
201	264	348
202	284	372
203	283	381
204	312	405
205	265	352
206	272	363
207	269	334
208	456	427
209	313	401
210	288	381
211	302	396
212	307	354
213	293	391
214	326	414
215	310	399
216	309	425
217	314	406
218	307	410
219	282	375
220	292	394
221	308	405
222	289	377
223	293	408
224	304	406
225	310	406
226	312	415
227	297	407
228	320	419
229	290	382
230	301	402
231	310	413
232	296	379
233	326	432
234	312	411
235	309	404
236	327	450
237	320	434
238	337	444
239	325	427
240	348	449
241	319	412
242	352	483
243	317	407
244	335	425
245	330	450
246	322	427
247	323	440
248	306	400
249	326	441
250	301	400
251	312	413
252	322	426
253	318	457
254	338	440
255	350	461
256	361	472
257	353	477
258	319	427
259	316	424
260	336	449
261	362	483
262	329	442
263	341	452
264	339	455
265	348	471
266	345	454
267	366	491
268	370	503
269	333	458
270	348	482
271	324	425
272	336	445
273	335	465
274	368	480
275	345	455
276	398	500
277	343	460
278	326	429
279	368	485
280	370	490
281	486	491
282	341	458
283	382	513
284	370	489
285	369	494
286	377	510
287	366	481
288	385	518
289	384	494
290	392	511
291	385	527
292	403	547
293	380	502
294	376	501
295	412	549
296	368	497
297	353	491
298	349	518
299	369	502
300	382	498
301	396	528
302	344	469
303	364	491
304	359	487
305	400	535
306	377	512
307	348	470
308	370	486
309	392	525
310	387	503
311	404	526
312	417	535
313	337	456
314	390	499
315	381	547
316	382	518
317	380	516
318	388	520
319	368	501
320	411	554
321	407	547
322	403	543
323	409	547
324	401	555
325	361	496
326	404	552
327	398	533
328	370	525
329	399	545
330	545	524
331	442	591
332	439	586
333	408	555
334	407	549
335	417	568
336	418	558
337	467	674
338	426	570
339	448	615
340	464	635
341	586	592
342	381	519
343	433	604
344	418	562
345	434	705
346	484	659
347	427	591
348	431	596
349	405	544
350	468	645
351	393	554
352	418	588
353	417	591
354	414	568
355	438	583
356	414	562
357	426	577
358	461	633
359	437	583
360	424	574
361	435	599
362	436	595
363	408	552
364	488	639
365	419	573
366	457	621
367	464	649
368	470	628
369	448	630
370	457	631
371	438	613
372	429	577
373	415	575
374	455	609
375	452	620
376	413	561
377	466	649
378	442	617
379	468	632
380	401	545
381	483	676
382	465	624
383	402	576
384	439	613
385	449	636
386	448	598
387	459	636
388	433	590
389	467	637
390	486	690
391	467	654
392	463	643
393	620	664
394	509	705
395	475	636
396	463	628
397	468	644
398	546	765
399	522	742
400	428	618
401	495	681
402	499	708
403	498	683
404	460	657
405	484	672
406	460	667
407	517	688
408	507	758
409	512	734
410	485	665
411	480	691
412	485	742
413	501	693
414	427	608
415	475	655
416	449	621
417	496	694
418	531	744
419	460	653
420	501	708
421	491	696
422	480	708
423	519	727
424	448	662
425	473	653
426	480	657
427	509	721
428	493	694
429	501	728
430	508	693
431	521	741
432	513	706
433	514	734
434	502	670
435	525	719
436	519	719
437	494	697
438	508	705
439	481	638
440	536	762
441	566	775
442	511	872
443	532	779
444	477	697
445	525	769
446	505	715
447	564	826
448	525	746
449	502	731
450	531	725
451	565	800
452	508	718
453	503	709
454	559	809
455	577	803
456	532	763
457	530	728
458	548	787
459	577	845
460	531	756
461	527	790
462	567	814
463	513	872
464	593	859
465	526	783
466	559	810
467	557	803
468	549	769
469	490	710
470	495	751
471	525	763
472	583	887
473	534	800
474	545	801
475	566	879
476	706	912
477	558	864
478	583	927
479	562	876
480	538	788
481	582	877
482	567	1007
483	597	881
484	605	955
485	592	925
486	558	840
487	602	924
488	579	897
489	581	873
490	583	896
491	583	878
492	602	920
493	621	941
494	531	763
495	643	988
496	574	898
497	519	807
498	559	900
499	556	861
500	691	804
501	526	803
502	497	801
503	547	931
504	536	823
505	577	942
506	595	908
507	603	915
508	573	1000
509	583	888
510	551	816
511	572	898
512	571	864
513	572	896
514	581	865
515	577	855
516	631	976
517	584	916
518	567	921
519	643	1100
520	558	888
521	586	985
522	602	938
523	636	1026
524	602	939
525	596	975
526	603	970
527	574	909
528	613	939
529	584	918
530	583	927
531	609	966
532	556	858
533	613	1001
534	559	840
535	649	1046
536	583	892
537	615	925
538	567	919
539	613	996
540	633	1015
541	634	966
542	589	965
543	609	974
544	582	943
545	579	919
546	583	944
547	709	1110
548	572	900
549	583	946
550	677	1127
551	596	962
552	578	905
553	606	955
554	561	919
555	621	991
556	617	973
557	590	950
558	588	951
559	632	984
560	600	931
561	568	918
562	577	899
563	634	1025
564	697	1093
565	582	902
566	625	960
567	662	1053
568	626	980
569	646	1025
570	662	1082
571	667	1050
572	610	1022
573	597	996
574	693	1083
575	639	1006
576	638	1025
577	624	1027
578	598	963
579	640	1028
580	636	1011
581	585	967
582	679	1125
583	694	1112
584	675	1104
585	637	1099
586	710	1162
587	680	1069
588	670	1074
589	732	1221
590	620	1007
591	638	1040
592	641	1057
593	621	1102
594	658	1071
595	612	1003
596	608	959
597	623	1009
598	679	1119
599	691	1118
600	640	985
601	684	1270
602	713	1146
603	620	1043
604	672	1073
605	616	1032
606	718	1150
607	616	1012
608	616	1093
609	688	1152
610	846	1201
611	690	1176
612	642	1125
613	742	1375
614	674	1109
615	612	1044
616	745	1226
617	696	1211
618	669	1448
619	693	1188
620	647	1079
621	594	998
622	671	1132
623	592	985
624	688	1152
625	638	1057
626	674	1163
627	645	1056
628	715	1254
629	733	1209
630	640	1009
631	671	1112
632	717	1197
633	661	1072
634	678	1215
635	640	1123
636	722	1161
637	645	1166
638	731	1207
639	669	1172
640	705	1154
641	704	1263
642	668	1215
643	684	1131
644	635	1019
645	683	1208
646	643	1135
647	674	1152
648	679	1243
649	673	1196
650	716	1260
651	668	1161
652	707	1293
653	669	1183
654	685	1221
655	637	1083
656	685	1186
657	653	1189
658	734	1273
659	712	1227
660	699	1252
661	687	1179
662	673	1182
663	710	1176
664	654	1140
665	667	1336
666	735	1301
667	689	1234
668	680	1183
669	642	1091
670	685	1184
671	757	1333
672	657	1160
673	674	1228
674	655	1131
675	708	1301
676	647	1131
677	686	1246
678	668	1176
679	673	1170
680	613	1069
681	661	1138
682	669	1185
683	686	1229
684	748	1351
685	731	1323
686	746	1516
687	678	1161
688	665	1214
689	686	1230
690	668	1177
691	729	1329
692	698	1269
693	638	1142
694	668	1194
695	741	1371
696	748	1360
697	693	1291
698	725	1276
699	739	1303
700	695	1283
701	750	1396
702	893	1368
703	746	1334
704	689	1179
705	712	1380
706	721	1318
707	651	1175
708	732	1313
709	696	1241
710	716	1279
711	699	1291
712	709	1265
713	681	1218
714	740	1306
715	756	1450
716	727	1384
717	769	1471
718	719	1283
719	743	1401
720	747	1438
721	776	1466
722	785	1466
723	808	1457
724	689	1255
725	802	1538
726	717	1263
727	742	1359
728	764	1407
729	761	1393
730	737	1336
731	740	1356
732	750	1447
733	751	1330
734	763	1419
735	733	1360
736	681	1195
737	720	1316
738	764	1411
739	750	1405
740	727	1333
741	753	1404
742	759	1389
743	762	1397
744	772	1404
745	762	1399
746	791	1485
747	773	1427
748	771	1409
749	716	1319
750	743	1370
751	754	1412
752	733	1393
753	743	1342
754	751	1409
755	932	1384
756	721	1317
757	705	1272
758	703	1297
759	760	1444
760	808	1480
761	841	1560
762	784	1418
763	779	1448
764	753	1406
765	787	1498
766	759	1439
767	787	1407
768	759	1384
769	755	1385
770	797	1468
771	680	1193
772	708	1324
773	796	1460
774	801	1486
775	771	1441
776	788	1444
777	797	1483
778	775	1388
779	818	1504
780	756	1391
781	751	1372
782	836	1594
783	796	1444
784	786	1405
785	819	1565
786	879	1614
787	855	1589
788	813	1522
789	851	1725
790	748	1412
791	814	1557
792	768	1433
793	859	1592
794	831	1603
795	778	1382
796	779	1427
797	752	1384
798	787	1476
799	800	1506
800	752	1374
801	823	1532
802	830	1518
803	754	1535
804	771	1465
805	763	1433
806	732	1360
807	759	1390
808	747	1392
809	773	1449
810	814	1518
811	782	1468
812	817	1524
813	834	1586
814	810	1548
815	790	1708
816	781	1446
817	717	1296
818	918	1857
819	875	1672
820	878	1645
821	891	1738
822	869	1614
823	832	1534
824	822	1472
825	864	1677
826	768	1412
827	896	1753
828	764	1454
829	752	1497
830	889	1690
831	777	1460
832	877	1708
833	902	1381
834	826	1569
835	808	1536
836	773	1447
837	841	1667
838	858	1632
839	886	1806
840	832	1571
841	831	1594
842	831	1586
843	865	1632
844	834	1575
845	838	1733
846	889	1693
847	837	1733
848	808	1514
849	861	1653
850	734	1382
851	787	1448
852	846	1582
853	879	1635
854	816	1534
855	894	1751
856	824	1515
857	813	1514
858	810	1714
859	825	1648
860	887	1696
861	881	1660
862	847	1623
863	809	1546
864	878	1693
865	864	1657
866	748	1418
867	802	1496
868	997	1572
869	846	1554
870	913	1686
871	872	1700
872	861	1603
873	849	1542
874	864	1632
875	941	1799
876	742	1454
877	904	1711
878	853	1596
879	826	1600
880	836	1793
881	838	1701
882	925	1806
883	845	1642
884	910	1780
885	859	1659
886	875	1700
887	879	1676
888	907	1866
889	867	1638
890	842	1639
891	897	1664
892	862	1614
893	938	1808
894	921	1933
895	922	1776
896	865	1645
897	851	1611
898	845	1571
899	828	1494
900	819	1484
901	958	1827
902	887	1671
903	833	1560
904	854	1631
905	1034	1706
906	837	1682
907	866	1615
908	919	1789
909	927	1845
910	829	1554
911	871	1678
912	884	1691
913	894	1706
914	1027	1674
915	904	1929
916	951	1975
917	797	1482
918	903	1672
919	801	1534
920	928	2934
921	889	1784
922	934	1809
923	813	1498
924	859	1622
925	851	1623
926	875	1717
927	883	1677
928	877	1611
929	955	1826
930	840	1596
931	860	1578
932	791	1472
933	959	1883
934	869	1645
935	865	1669
936	847	1596
937	924	1779
938	914	1752
939	930	1809
940	968	1865
941	938	1821
942	905	1861
943	923	1836
944	874	1689
945	898	1714
946	926	1823
947	899	1688
948	882	1661
949	945	1784
950	907	1723
951	922	1834
952	954	1836
953	1082	1777
954	1004	2154
955	906	1920
956	883	1817
957	866	1592
958	899	1690
959	850	1595
960	912	1689
961	912	1670
962	894	1685
963	944	1855
964	914	1748
965	915	1746
966	1045	1708
967	920	1768
968	929	1782
969	1163	1989
970	866	1586
971	866	1651
972	902	1752
973	937	1871
974	956	1824
975	930	1801
976	945	1861
977	888	1763
978	931	1801
979	918	1799
980	928	1769
981	842	1521
982	1128	1875
983	914	1803
984	948	1863
985	975	1899
986	929	1858
987	962	3205
988	1017	1997
989	1110	1893
990	975	1890
991	941	2045
992	924	1777
993	884	1749
994	976	1909
995	974	1950
996	887	1678
997	866	1673
998	973	1894
999	989	1996
1000	1006	1992
