#n	Vector(ns)	LinkedList(ns)
50	646	263
51	616	255
52	613	247
53	610	252
54	622	242
55	628	247
56	747	249
57	609	241
58	600	238
59	594	244
60	599	241
61	604	241
62	613	244
63	602	245
64	596	237
65	605	252
66	605	238
67	621	241
68	604	240
69	609	240
70	610	241
71	607	241
72	634	246
73	608	236
74	619	229
75	616	240
76	631	236
77	625	237
78	640	237
79	627	241
80	631	243
81	637	238
82	686	242
83	627	240
84	648	244
85	636	238
86	636	253
87	630	242
88	639	245
89	645	242
90	667	245
91	644	242
92	663	239
93	647	240
94	662	241
95	673	253
96	689	254
97	688	255
98	654	248
99	665	236
100	671	242
101	660	240
102	679	231
103	683	253
104	667	249
105	669	249
106	680	241
107	689	241
108	668	227
109	684	234
110	678	233
111	673	233
112	705	238
113	683	237
114	693	240
115	684	233
116	701	240
117	685	242
118	705	244
119	688	239
120	722	231
121	702	239
122	702	238
123	702	245
124	917	249
125	736	252
126	745	252
127	707	240
128	714	239
129	705	239
130	715	239
131	730	242
132	720	241
133	728	240
134	727	234
135	718	238
136	779	244
137	763	251
138	892	246
139	753	245
140	727	240
141	742	242
142	745	236
143	755	244
144	754	236
145	728	231
146	750	232
147	743	252
148	799	235
149	758	237
150	744	242
151	746	245
152	749	232
153	751	242
154	769	235
155	761	235
156	746	246
157	757	236
158	773	236
159	755	245
160	762	245
161	757	245
162	761	239
163	772	240
164	770	236
165	759	241
166	758	244
167	776	237
168	766	240
169	798	265
170	776	238
171	777	248
172	780	241
173	820	248
174	826	249
175	950	246
176	801	240
177	784	238
178	765	238
179	797	241
180	786	229
181	800	234
182	801	238
183	783	233
184	821	234
185	841	228
186	801	231
187	819	240
188	805	235
189	861	230
190	814	234
191	912	265
192	796	226
193	855	233
194	817	241
195	824	235
196	855	232
197	825	241
198	823	224
199	823	221
200	821	257
201	838	237
202	816	228
203	821	240
204	844	240
205	843	236
206	864	232
207	887	249
208	877	246
209	860	378
210	851	229
211	839	236
212	857	234
213	861	234
214	887	231
215	872	243
216	882	228
217	885	229
218	880	231
219	871	227
220	869	236
221	875	238
222	863	237
223	877	228
224	874	230
225	873	231
226	875	237
227	883	233
228	912	247
229	876	236
230	898	233
231	896	246
232	910	248
233	907	225
234	896	242
235	913	275
236	917	234
237	907	246
238	933	249
239	954	251
240	1058	231
241	887	232
242	878	240
243	915	235
244	926	235
245	894	233
246	910	234
247	907	228
248	937	229
249	929	242
250	949	1331
251	911	225
252	937	228
253	942	224
254	923	227
255	905	235
256	934	233
257	942	227
258	941	245
259	942	231
260	939	235
261	936	236
262	937	228
263	962	232
264	923	240
265	960	235
266	951	232
267	960	242
268	1008	241
269	1136	231
270	964	234
271	957	228
272	969	235
273	964	236
274	975	222
275	951	237
276	955	235
277	954	225
278	980	243
279	977	230
280	959	229
281	943	234
282	974	227
283	972	230
284	991	230
285	978	229
286	990	237
287	957	233
288	978	228
289	993	236
290	1211	241
291	1022	235
292	994	239
293	1023	241
294	1016	242
295	1018	256
296	1004	246
297	1025	261
298	1033	253
299	1062	246
300	1055	258
301	1047	247
302	1049	243
303	1020	267
304	1040	245
305	1005	234
306	984	232
307	1016	226
308	1009	248
309	997	240
310	1020	238
311	1024	241
312	1014	233
313	1037	228
314	1003	229
315	1023	240
316	1021	245
317	1029	237
318	1007	236
319	1030	238
320	1055	235
321	1026	226
322	1070	239
323	1211	226
324	1058	225
325	1034	230
326	1072	227
327	1038	235
328	1077	248
329	1088	238
330	1112	242
331	1097	241
332	1085	238
333	1079	241
334	1106	248
335	1095	243
336	1106	248
337	1101	239
338	1113	250
339	1115	237
340	1106	242
341	1152	252
342	1128	250
343	1126	238
344	1127	247
345	1134	242
346	1122	254
347	1091	254
348	1117	237
349	1148	239
350	1124	231
351	1129	241
352	1113	242
353	1147	270
354	1160	235
355	1151	255
356	1154	243
357	1135	234
358	1170	245
359	1159	243
360	1158	245
361	1123	238
362	1138	237
363	1169	238
364	1121	237
365	1152	250
366	1165	240
367	1160	250
368	1135	252
369	1160	248
370	1124	244
371	1167	240
372	1189	237
373	1175	249
374	1176	240
375	1133	242
376	1175	367
377	1150	253
378	1177	252
379	1170	243
380	1193	243
381	1189	246
382	1183	243
383	1266	277
384	1162	243
385	1158	251
386	1208	241
387	1189	245
388	1188	245
389	1195	251
390	1188	245
391	1188	247
392	1226	251
393	1200	236
394	1197	233
395	1210	243
396	1209	242
397	1215	244
398	1212	243
399	1250	248
400	1190	237
401	1219	241
402	1224	239
403	1237	239
404	1234	244
405	1354	240
406	1210	240
407	1245	245
408	1189	243
409	1212	230
410	1229	244
411	1233	237
412	1230	248
413	1199	242
414	1273	241
415	1196	243
416	1207	243
417	1203	239
418	1204	239
419	1227	243
420	1230	241
421	1246	238
422	1203	240
423	1232	236
424	1222	240
425	1272	250
426	1234	240
427	1227	237
428	1197	236
429	1225	235
430	1246	238
431	1218	244
432	1220	236
433	1227	245
434	1233	238
435	1270	283
436	1250	257
437	1230	252
438	1249	247
439	1243	237
440	1250	241
441	1227	245
442	1234	262
443	1229	249
444	1295	245
445	1249	248
446	1281	243
447	1287	251
448	1268	251
449	1275	242
450	1269	245
451	1276	247
452	1265	251
453	1270	240
454	1257	246
455	1283	245
456	1251	248
457	1267	255
458	1259	250
459	1259	252
460	1308	246
461	1291	240
462	1266	247
463	1321	237
464	1290	236
465	1279	235
466	1300	242
467	1253	239
468	1269	242
469	1289	238
470	1280	244
471	1276	234
472	1267	237
473	1294	241
474	1287	242
475	1300	235
476	1273	247
477	1291	248
478	1299	247
479	1334	239
480	1313	226
481	1313	251
482	1281	248
483	1293	244
484	1291	241
485	1293	238
486	1300	232
487	1340	238
488	1295	241
489	1326	244
490	1304	239
491	1304	240
492	1334	246
493	1403	246
494	1425	242
495	1411	249
496	1502	239
497	1396	245
498	1348	238
499	1299	244
500	1356	240
501	1333	238
502	1352	241
503	1373	244
504	1357	245
505	1339	249
506	1299	243
507	1329	245
508	1324	243
509	1323	242
510	1323	235
511	1328	242
512	1352	222
513	1331	246
514	1338	236
515	1316	245
516	1368	240
517	1387	241
518	1313	237
519	1385	248
520	1328	232
521	1386	240
522	1353	250
523	1355	243
524	1383	230
525	1360	238
526	1351	236
527	1344	234
528	1355	236
529	1337	238
530	1378	236
531	1387	238
532	1374	242
533	1370	248
534	1389	249
535	1380	234
536	1386	239
537	1355	234
538	1408	236
539	1359	229
540	1350	231
541	1381	239
542	1373	227
543	1377	231
544	1385	234
545	1390	233
546	1410	236
547	1415	241
548	1400	238
549	1378	229
550	1394	228
551	1396	235
552	1408	231
553	1374	233
554	1425	234
555	1413	238
556	1404	234
557	1592	231
558	1607	230
559	1454	237
560	1643	243
561	1525	234
562	1445	236
563	1568	237
564	1606	232
565	1548	237
566	1519	236
567	1621	233
568	1623	232
569	1505	227
570	1517	241
571	1617	234
572	1654	234
573	1490	238
574	1501	237
575	1625	236
576	1645	239
577	1513	234
578	1489	232
579	2681	228
580	1611	246
581	1528	237
582	1526	251
583	1647	239
584	1621	239
585	1509	243
586	1537	239
587	1636	241
588	1631	246
589	1512	239
590	1532	236
591	1712	237
592	1632	241
593	1515	235
594	1479	243
595	1498	236
596	1489	245
597	1481	236
598	1496	236
599	1474	240
600	1459	244
601	1520	236
602	1508	241
603	1536	244
604	1547	233
605	1552	238
606	1524	262
607	1518	241
608	1502	241
609	1523	238
610	1508	237
611	1515	237
612	1510	231
613	1500	233
614	1570	244
615	1517	239
616	1536	241
617	1536	229
618	1519	240
619	1502	241
620	1482	239
621	1553	239
622	1505	239
623	1620	265
624	1686	287
625	1541	247
626	1573	238
627	1557	246
628	1820	239
629	1729	247
630	1597	232
631	1642	264
632	1907	236
633	1655	226
634	1517	236
635	1549	237
636	1755	240
637	1736	262
638	1613	242
639	1618	245
640	1853	244
641	1706	241
642	1598	243
643	1566	239
644	1836	253
645	1693	261
646	1617	242
647	1627	234
648	1861	243
649	1698	246
650	1631	242
651	1614	236
652	1889	245
653	1734	235
654	1627	247
655	1622	237
656	1903	244
657	1730	245
658	1693	239
659	1807	246
660	1739	247
661	1633	240
662	1652	240
663	1639	234
664	1693	237
665	1580	242
666	1639	243
667	1635	254
668	1651	240
669	1677	241
670	1678	239
671	1638	248
672	1681	241
673	1630	245
674	1643	241
675	1688	239
676	1706	262
677	1678	237
678	1642	234
679	1672	244
680	1697	245
681	1711	234
682	1678	236
683	1679	246
684	2169	348
685	1722	230
686	1693	236
687	1687	228
688	1735	235
689	1715	246
690	1738	236
691	1700	237
692	1721	238
693	1709	238
694	1714	235
695	1691	244
696	1743	228
697	1680	233
698	1681	230
699	1716	227
700	1716	244
701	1737	235
702	1732	228
703	1715	229
704	1753	234
705	1752	247
706	1805	249
707	1757	236
708	1764	240
709	1722	231
710	1736	233
711	1749	235
712	1748	244
713	1703	224
714	1729	231
715	1795	233
716	1731	233
717	1730	234
718	1772	233
719	1809	232
720	1809	245
721	1806	238
722	1789	234
723	1825	234
724	1798	236
725	1928	239
726	1769	241
727	1713	238
728	1948	250
729	1957	257
730	1783	247
731	1782	243
732	2287	598
733	1829	251
734	1723	241
735	1756	235
736	1790	244
737	2060	243
738	1743	239
739	1755	242
740	1796	247
741	1816	234
742	1742	244
743	1719	255
744	1769	241
745	1848	245
746	1769	237
747	1738	231
748	1819	237
749	1824	235
750	1777	232
751	1757	239
752	1818	240
753	1781	239
754	1729	239
755	1805	245
756	1823	242
757	1820	237
758	1797	244
759	1782	248
760	1787	241
761	1772	237
762	1774	239
763	1754	242
764	1861	240
765	1888	239
766	1805	243
767	1814	235
768	1794	235
769	1849	235
770	1786	231
771	1785	237
772	1874	268
773	1808	239
774	1795	232
775	1767	246
776	1808	240
777	1845	240
778	1830	238
779	1870	245
780	1845	243
781	1862	237
782	1780	241
783	1793	237
784	1835	241
785	1891	235
786	1831	248
787	1805	238
788	1842	246
789	1856	246
790	1836	242
791	1768	232
792	1846	240
793	1897	240
794	1840	237
795	1790	237
796	2016	1512
797	1930	251
798	1785	237
799	1801	245
800	1828	241
801	1894	247
802	1813	236
803	1828	245
804	1855	241
805	1909	251
806	1812	231
807	1822	236
808	1889	243
809	1882	240
810	1816	235
811	1822	241
812	1939	238
813	1923	234
814	1833	232
815	1802	240
816	1904	246
817	1878	237
818	1860	234
819	1817	239
820	1888	236
821	1920	240
822	1919	247
823	1946	246
824	1951	231
825	1945	239
826	1868	227
827	1956	244
828	1958	232
829	1955	244
830	1909	234
831	1900	240
832	1881	228
833	1936	234
834	1912	233
835	2018	234
836	1867	234
837	1954	232
838	1916	235
839	1924	236
840	1932	237
841	1954	227
842	1920	237
843	1942	229
844	1929	231
845	1904	236
846	1981	235
847	1953	229
848	1974	236
849	2021	232
850	1925	235
851	1986	238
852	1973	230
853	1904	233
854	1983	243
855	2017	226
856	1967	231
857	1929	239
858	1942	228
859	1966	235
860	1975	238
861	1930	240
862	1978	234
863	1934	231
864	2008	230
865	1957	235
866	1943	240
867	1943	223
868	1996	235
869	2002	232
870	2100	228
871	1999	282
872	1940	243
873	1979	242
874	1996	245
875	1994	245
876	1983	248
877	1964	274
878	1969	239
879	2046	243
880	1957	238
881	1975	241
882	2012	245
883	2004	245
884	1988	240
885	2016	247
886	2045	237
887	2000	241
888	2037	243
889	2034	242
890	1952	239
891	2040	237
892	2006	244
893	1994	235
894	2024	246
895	1999	244
896	1987	242
897	2007	239
898	2008	238
899	2069	240
900	2045	233
901	1987	246
902	2028	249
903	2022	241
904	2012	247
905	2068	239
906	2028	241
907	2067	264
908	2077	251
909	2023	232
910	2065	245
911	2084	280
912	2046	280
913	2098	277
914	2064	274
915	1998	278
916	2019	279
917	2094	276
918	2074	281
919	2077	275
920	2066	283
921	2054	270
922	2096	271
923	2085	281
924	2079	274
925	2093	277
926	2104	277
927	2082	283
928	2124	278
929	2118	285
930	2146	278
931	2137	282
932	2211	276
933	2105	273
934	2088	277
935	2276	299
936	2054	276
937	2098	287
938	2091	269
939	2150	281
940	2131	270
941	2134	277
942	2090	296
943	2107	274
944	2100	275
945	2117	279
946	2082	275
947	2155	280
948	2181	273
949	2111	276
950	2102	280
951	2142	279
952	2116	271
953	2134	265
954	2142	288
955	2162	280
956	2136	277
957	2154	281
958	2116	274
959	2180	280
960	2147	276
961	2135	276
962	2189	269
963	2120	278
964	2174	274
965	2153	272
966	2148	279
967	2155	278
968	2154	277
969	2204	285
970	2431	376
971	2182	253
972	2182	241
973	2185	229
974	2120	239
975	2140	238
976	2212	241
977	2169	236
978	2201	248
979	2165	234
980	2169	240
981	2161	238
982	2151	236
983	2173	236
984	2181	238
985	2237	231
986	2174	237
987	2177	248
988	2156	238
989	2172	231
990	2162	233
991	2195	234
992	2196	237
993	2209	232
994	2220	236
995	2189	232
996	2321	226
997	2062	223
998	2060	225
999	2220	236
1000	2093	226
