13
triangle
102
141	412
141	411
142	409
144	405
149	400
158	389
171	372
185	354
196	335
204	317
210	304
215	296
219	291
225	285
233	280
240	274
246	270
251	264
256	258
261	253
265	247
267	245
268	243
269	242
269	241
270	241
272	241
277	245
279	246
279	247
280	247
282	249
285	251
289	256
294	261
300	268
305	276
310	285
318	297
325	309
336	328
347	348
356	360
362	369
368	378
372	382
376	386
377	388
378	388
379	389
379	390
380	391
380	392
381	394
382	398
384	402
385	406
387	410
388	413
390	418
392	421
393	423
388	422
380	420
371	419
364	418
357	417
350	416
342	416
333	416
322	415
312	415
300	415
288	413
279	412
271	411
263	411
257	411
252	411
246	411
240	411
232	411
223	411
214	411
208	412
204	412
199	413
194	413
187	413
183	413
179	413
177	413
173	414
169	414
166	414
165	415
163	415
161	415
160	415
159	415
158	415
157	415
left_curly_bracket
57
293	158
291	158
286	160
281	163
274	167
266	175
258	185
251	197
247	210
244	222
242	234
241	246
239	258
238	271
236	283
234	291
233	297
230	301
228	304
225	307
222	309
221	310
220	310
219	310
218	310
222	314
229	321
236	333
241	344
243	352
245	360
245	367
245	373
245	378
245	385
244	391
242	399
238	409
237	417
235	428
233	440
233	454
233	465
234	474
235	481
236	486
238	491
240	497
242	503
246	508
249	513
253	518
257	523
261	527
264	529
265	531
266	531
infinity
98
179	308
179	306
182	299
187	291
192	283
198	277
204	271
211	267
219	263
225	261
229	260
233	259
236	259
237	259
241	260
250	264
257	266
262	268
271	272
280	276
293	283
304	288
309	291
314	296
320	302
326	308
332	312
336	315
342	319
349	323
357	327
365	328
371	330
377	330
383	330
390	330
397	329
404	326
412	321
417	315
422	308
425	301
426	293
426	286
426	278
425	272
422	266
419	261
415	258
412	254
407	253
403	251
397	251
390	251
385	252
379	253
373	256
367	258
360	260
352	264
346	267
340	270
334	275
330	278
325	282
319	287
314	291
309	295
305	299
300	302
294	307
289	311
285	313
278	317
272	319
267	322
261	323
254	326
247	327
239	328
232	330
226	330
220	330
214	331
208	331
202	331
200	331
198	331
196	330
193	328
190	324
187	322
185	319
183	316
182	313
180	310
179	307
178	306
sol key
166
225	299
225	297
227	284
231	273
234	265
236	259
240	254
245	248
250	246
257	244
265	243
272	242
280	242
290	245
301	251
313	258
324	265
330	270
335	276
340	284
343	292
346	300
347	308
347	314
347	321
347	332
345	339
342	347
337	356
331	363
323	369
314	376
304	383
292	388
281	392
271	394
259	396
247	397
238	397
231	397
225	397
220	396
215	393
209	389
202	384
198	378
194	373
190	367
186	359
182	352
181	346
180	338
179	327
179	317
179	307
181	298
184	289
188	280
193	272
198	264
203	257
208	251
214	245
221	240
227	237
233	234
241	229
246	224
253	217
259	208
263	201
266	195
269	189
271	184
273	177
275	167
277	158
278	151
280	146
280	142
280	138
280	134
279	130
279	127
278	126
278	125
275	124
274	124
272	123
269	123
267	124
265	126
263	130
262	137
261	145
259	154
259	164
259	175
259	187
261	204
265	219
268	233
271	246
273	257
275	269
278	283
281	297
284	312
285	324
287	336
288	348
289	359
291	372
292	384
292	394
293	407
293	415
293	426
292	439
292	449
291	460
290	470
288	477
286	487
283	497
281	504
279	513
276	523
275	529
272	535
268	542
265	546
261	549
258	551
254	553
252	554
248	555
246	555
241	555
235	554
231	551
225	548
219	543
213	538
207	533
203	529
200	526
198	523
196	519
194	516
193	511
192	507
192	502
192	497
192	492
192	489
192	488
193	487
197	486
200	486
204	486
207	486
211	487
214	488
215	488
215	489
sol key
166
225	299
225	297
227	284
231	273
234	265
236	259
240	254
245	248
250	246
257	244
265	243
272	242
280	242
290	245
301	251
313	258
324	265
330	270
335	276
340	284
343	292
346	300
347	308
347	314
347	321
347	332
345	339
342	347
337	356
331	363
323	369
314	376
304	383
292	388
281	392
271	394
259	396
247	397
238	397
231	397
225	397
220	396
215	393
209	389
202	384
198	378
194	373
190	367
186	359
182	352
181	346
180	338
179	327
179	317
179	307
181	298
184	289
188	280
193	272
198	264
203	257
208	251
214	245
221	240
227	237
233	234
241	229
246	224
253	217
259	208
263	201
266	195
269	189
271	184
273	177
275	167
277	158
278	151
280	146
280	142
280	138
280	134
279	130
279	127
278	126
278	125
275	124
274	124
272	123
269	123
267	124
265	126
263	130
262	137
261	145
259	154
259	164
259	175
259	187
261	204
265	219
268	233
271	246
273	257
275	269
278	283
281	297
284	312
285	324
287	336
288	348
289	359
291	372
292	384
292	394
293	407
293	415
293	426
292	439
292	449
291	460
290	470
288	477
286	487
283	497
281	504
279	513
276	523
275	529
272	535
268	542
265	546
261	549
258	551
254	553
252	554
248	555
246	555
241	555
235	554
231	551
225	548
219	543
213	538
207	533
203	529
200	526
198	523
196	519
194	516
193	511
192	507
192	502
192	497
192	492
192	489
192	488
193	487
197	486
200	486
204	486
207	486
211	487
214	488
215	488
215	489
2
54
237	307
239	302
247	290
256	277
269	262
284	247
293	239
302	233
311	228
319	227
330	226
343	226
356	228
372	233
387	239
397	244
406	251
412	259
416	266
419	275
420	286
420	297
419	308
414	320
408	330
399	341
390	349
380	359
368	371
355	384
342	397
328	409
311	421
295	431
275	442
258	450
242	459
230	467
218	477
210	483
207	485
220	487
241	490
271	495
306	499
332	503
357	504
380	505
395	505
407	506
416	508
421	509
426	510
429	510
left_curly_bracket
43
317	188
316	188
312	188
306	192
300	198
292	207
283	219
277	231
273	242
269	256
264	272
256	294
247	321
238	351
232	370
229	378
227	381
221	378
214	374
210	372
214	380
220	390
228	401
236	413
243	425
248	436
250	447
251	458
251	464
249	471
246	479
242	485
238	494
235	503
232	515
231	525
231	538
232	551
238	565
245	578
252	590
259	597
263	599
check
30
158	430
161	434
166	441
171	446
175	452
180	458
185	463
189	469
192	472
195	475
196	477
199	480
200	482
201	482
201	481
203	474
205	466
209	455
217	437
224	422
233	404
244	385
258	367
273	348
292	328
311	310
328	295
338	287
341	284
342	283
3
61
242	212
246	208
251	205
256	201
262	197
268	195
274	192
278	191
282	191
287	191
294	191
300	193
305	195
309	198
315	201
319	204
321	207
323	211
323	216
324	223
323	230
320	238
316	243
310	247
303	249
296	250
288	252
280	252
275	252
272	252
271	251
274	251
283	255
291	260
301	266
309	271
312	275
314	278
317	282
319	288
322	296
323	302
324	310
324	318
322	327
318	336
315	343
311	349
307	352
303	353
298	354
292	354
287	353
278	347
269	342
262	337
256	333
252	329
248	326
246	324
245	324
6
82
450	208
450	206
450	204
450	203
449	202
445	200
441	198
438	197
433	195
427	194
420	193
410	192
401	191
391	191
381	194
370	200
358	211
346	225
333	241
326	253
319	266
314	279
311	292
309	304
309	317
309	325
309	335
312	347
315	357
319	369
325	381
330	391
336	401
344	411
350	417
359	423
368	429
375	431
384	434
393	435
402	436
411	436
420	436
428	433
435	428
441	423
446	415
452	405
455	395
457	386
458	376
458	365
457	355
455	346
453	339
451	333
448	328
445	324
440	320
432	316
426	313
417	311
408	309
401	309
394	308
384	308
376	307
368	307
361	307
357	307
353	308
348	309
342	312
336	314
330	317
326	318
321	320
316	322
313	324
309	325
308	327
307	327
right_curly_bracket
77
291	161
294	161
298	161
303	161
307	162
313	165
319	171
324	175
329	183
333	193
336	202
339	212
341	223
342	232
343	244
345	253
346	262
348	271
350	279
352	289
354	297
356	304
357	309
358	312
359	315
361	317
361	318
362	319
366	321
371	322
376	322
380	322
383	321
384	320
383	320
379	321
376	322
373	323
371	324
369	325
367	328
366	331
364	333
364	336
363	338
363	343
363	348
363	353
363	359
363	366
364	373
365	382
366	390
367	397
367	404
367	410
367	416
367	423
367	431
366	438
365	444
363	448
361	454
358	460
354	466
351	472
345	480
340	487
335	496
330	503
325	510
321	515
317	519
314	522
313	524
312	525
312	526
h
76
326	157
326	161
326	167
326	175
326	186
326	196
326	209
326	223
326	235
327	249
329	263
331	277
333	289
336	301
338	310
339	319
340	326
340	332
340	337
341	341
341	343
341	344
341	341
340	335
338	327
337	318
336	309
336	301
336	294
336	287
336	282
336	276
337	271
337	267
338	263
339	259
341	255
342	251
343	248
344	245
345	243
346	242
348	241
350	240
353	239
357	239
361	239
366	239
371	241
375	242
379	245
384	249
389	252
393	256
397	259
399	262
400	264
402	269
402	274
403	279
403	286
403	292
403	300
401	311
401	319
401	328
400	337
400	341
400	346
400	351
400	355
400	358
401	361
401	363
402	363
402	364
m
69
201	269
201	272
201	281
201	292
201	303
202	314
203	327
204	337
205	344
205	348
205	344
205	335
205	323
205	311
206	299
208	290
210	283
212	279
213	277
215	276
220	275
225	275
232	275
238	275
243	275
246	276
248	277
252	282
254	286
257	294
258	305
258	314
258	326
258	338
258	346
258	353
258	355
258	350
258	335
259	317
260	300
261	286
263	277
264	271
267	268
269	267
273	267
277	267
284	267
291	269
299	273
305	275
310	277
314	279
317	282
319	286
321	289
322	295
323	301
323	311
323	319
321	330
318	340
316	348
315	355
314	361
314	364
313	366
313	367
