#n	Vector(ns)	LinkedList(ns)
50	188	240
51	204	263
52	213	269
53	135	187
54	169	208
55	105	165
56	108	161
57	109	161
58	106	158
59	109	162
60	153	208
61	155	223
62	152	217
63	159	218
64	156	213
65	154	212
66	107	175
67	104	167
68	107	174
69	107	173
70	110	179
71	110	172
72	109	180
73	105	187
74	109	174
75	107	190
76	105	192
77	110	192
78	130	179
79	106	193
80	105	189
81	103	190
82	107	179
83	106	181
84	106	198
85	106	209
86	110	195
87	150	254
88	103	199
89	106	208
90	108	199
91	107	192
92	105	180
93	104	198
94	117	218
95	107	195
96	106	182
97	109	194
98	111	201
99	107	208
100	112	198
101	108	195
102	110	194
103	110	207
104	105	199
105	108	213
106	109	206
107	110	197
108	105	211
109	108	223
110	108	200
111	110	230
112	104	221
113	105	218
114	107	226
115	106	219
116	106	230
117	105	221
118	107	231
119	107	219
120	110	224
121	106	220
122	107	224
123	105	234
124	111	234
125	106	224
126	108	228
127	110	224
128	110	226
129	102	227
130	106	241
131	104	234
132	109	238
133	107	243
134	109	242
135	105	242
136	107	245
137	109	253
138	106	243
139	105	236
140	113	232
141	124	273
142	148	312
143	145	300
144	157	317
145	143	345
146	145	343
147	147	316
148	145	329
149	159	349
150	155	320
151	172	350
152	147	334
153	107	271
154	109	248
155	103	280
156	111	248
157	107	267
158	104	262
159	112	257
160	105	266
161	110	238
162	106	266
163	108	262
164	105	292
165	123	252
166	107	262
167	109	255
168	109	275
169	140	299
170	133	315
171	109	263
172	105	279
173	125	279
174	111	269
175	108	283
176	104	260
177	105	261
178	110	271
179	104	294
180	103	285
181	107	276
182	106	274
183	112	284
184	111	289
185	106	273
186	104	298
187	112	298
188	108	322
189	108	295
190	111	294
191	107	282
192	105	280
193	109	290
194	107	303
195	109	296
196	102	295
197	110	284
198	109	302
199	109	313
200	109	308
201	109	312
202	112	296
203	110	305
204	107	307
205	120	317
206	112	321
207	107	298
208	105	314
209	109	302
210	108	311
211	104	298
212	111	325
213	115	312
214	108	333
215	110	339
216	108	334
217	107	321
218	107	310
219	106	308
220	107	301
221	112	340
222	110	327
223	109	329
224	112	332
225	105	344
226	109	321
227	105	311
228	116	293
229	108	363
230	115	323
231	114	340
232	112	324
233	108	326
234	105	324
235	106	337
236	107	319
237	111	335
238	107	318
239	103	353
240	105	352
241	108	357
242	111	340
243	107	354
244	105	330
245	107	338
246	105	330
247	106	327
248	114	341
249	107	330
250	107	363
251	105	350
252	110	358
253	107	333
254	110	341
255	108	345
256	108	341
257	108	357
258	105	328
259	110	339
260	106	382
261	108	374
262	107	338
263	106	361
264	110	339
265	109	353
266	102	371
267	107	365
268	104	344
269	111	350
270	107	349
271	109	374
272	109	391
273	106	367
274	109	388
275	107	359
276	105	383
277	112	356
278	111	402
279	108	405
280	112	356
281	110	363
282	108	364
283	105	391
284	111	362
285	116	422
286	107	341
287	111	376
288	108	398
289	112	391
290	111	378
291	103	385
292	107	399
293	110	368
294	106	408
295	107	375
296	109	388
297	106	423
298	105	396
299	110	431
300	107	391
301	108	368
302	108	387
303	105	378
304	108	418
305	103	415
306	107	432
307	110	374
308	105	418
309	108	437
310	105	424
311	108	393
312	104	431
313	106	378
314	107	417
315	108	420
316	117	416
317	106	415
318	107	429
319	109	390
320	107	426
321	105	409
322	106	426
323	107	432
324	110	395
325	110	387
326	110	401
327	111	394
328	107	427
329	110	441
330	108	436
331	106	398
332	109	408
333	109	437
334	106	454
335	107	448
336	104	429
337	107	413
338	103	410
339	111	463
340	105	414
341	106	450
342	104	444
343	108	426
344	109	448
345	107	395
346	112	430
347	108	491
348	107	461
349	110	411
350	111	480
351	110	466
352	110	462
353	112	429
354	111	424
355	104	463
356	108	430
357	109	467
358	108	427
359	105	481
360	112	457
361	103	455
362	115	469
363	107	435
364	111	463
365	107	492
366	107	440
367	103	441
368	109	449
369	126	468
370	107	467
371	104	466
372	109	453
373	107	471
374	109	456
375	110	467
376	110	491
377	109	443
378	104	475
379	107	466
380	109	454
381	108	491
382	107	500
383	109	423
384	103	446
385	110	461
386	107	511
387	108	482
388	109	468
389	111	474
390	110	460
391	103	532
392	107	471
393	109	461
394	109	506
395	111	505
396	108	503
397	105	478
398	106	483
399	103	483
400	111	490
401	103	488
402	105	541
403	109	493
404	104	557
405	102	459
406	123	503
407	107	518
408	113	485
409	110	510
410	106	485
411	105	478
412	111	508
413	107	463
414	106	480
415	109	529
416	108	495
417	111	528
418	110	531
419	107	486
420	114	507
421	109	515
422	107	514
423	107	559
424	103	477
425	107	495
426	108	522
427	110	542
428	106	503
429	109	544
430	110	571
431	105	542
432	108	572
433	111	548
434	106	528
435	108	538
436	111	508
437	107	526
438	109	524
439	111	557
440	110	562
441	105	597
442	106	547
443	106	533
444	105	555
445	107	552
446	105	539
447	105	503
448	109	575
449	103	563
450	111	557
451	104	568
452	105	570
453	107	595
454	107	593
455	107	507
456	108	559
457	112	532
458	109	502
459	110	621
460	108	538
461	106	532
462	109	519
463	105	590
464	111	563
465	110	505
466	115	537
467	108	580
468	109	614
469	106	576
470	108	553
471	108	620
472	109	575
473	109	628
474	109	617
475	108	593
476	105	577
477	105	573
478	110	632
479	114	548
480	103	588
481	106	564
482	103	609
483	107	593
484	105	667
485	110	578
486	106	616
487	105	558
488	103	586
489	106	2267
490	108	659
491	116	581
492	108	556
493	106	615
494	110	621
495	111	592
496	107	596
497	108	616
498	106	591
499	109	570
500	107	678
501	112	650
502	108	640
503	110	594
504	112	692
505	107	666
506	107	630
507	106	594
508	105	631
509	111	663
510	106	682
511	106	695
512	105	694
513	106	766
514	111	614
515	118	661
516	108	693
517	109	644
518	107	638
519	104	656
520	108	693
521	125	657
522	107	657
523	104	676
524	112	656
525	106	607
526	111	795
527	116	665
528	110	649
529	105	705
530	112	746
531	108	645
532	120	699
533	108	708
534	109	724
535	108	642
536	106	691
537	192	1233
538	111	740
539	107	659
540	111	679
541	117	729
542	107	654
543	108	669
544	108	678
545	108	707
546	111	854
547	150	850
548	151	1023
549	128	716
550	187	1208
551	116	846
552	106	649
553	106	675
554	113	750
555	108	749
556	110	811
557	110	773
558	111	694
559	105	697
560	107	762
561	108	838
562	109	815
563	104	739
564	108	744
565	111	707
566	108	725
567	103	791
568	108	773
569	106	709
570	107	756
571	107	784
572	108	815
573	105	778
574	105	785
575	106	795
576	105	718
577	102	810
578	104	804
579	108	794
580	109	708
581	109	788
582	122	774
583	120	867
584	119	733
585	118	694
586	122	702
587	125	749
588	129	765
589	115	779
590	128	729
591	120	752
592	119	714
593	148	979
594	141	956
595	108	806
596	114	811
597	104	828
598	106	768
599	111	791
600	107	822
601	105	733
602	108	792
603	109	836
604	107	857
605	107	768
606	107	746
607	110	783
608	103	842
609	107	830
610	110	737
611	113	794
612	108	799
613	104	751
614	105	747
615	110	767
616	108	759
617	108	782
618	106	760
619	113	766
620	100	765
621	105	823
622	112	781
623	107	901
624	109	804
625	127	931
626	105	791
627	108	867
628	105	798
629	108	763
630	108	817
631	114	850
632	108	802
633	104	928
634	111	845
635	107	850
636	104	845
637	106	798
638	106	914
639	108	793
640	113	828
641	112	854
642	108	801
643	111	826
644	108	805
645	108	864
646	108	932
647	106	957
648	112	844
649	105	830
650	107	728
651	111	798
652	106	856
653	110	827
654	110	841
655	107	843
656	106	851
657	108	871
658	110	927
659	107	825
660	110	853
661	106	792
662	105	925
663	110	912
664	111	876
665	108	827
666	109	775
667	104	842
668	107	970
669	107	863
670	104	781
671	106	911
672	107	893
673	108	951
674	108	944
675	103	873
676	106	877
677	108	922
678	109	1035
679	107	946
680	107	860
681	105	839
682	109	863
683	104	947
684	104	939
685	113	825
686	166	1254
687	140	1148
688	105	982
689	107	1030
690	107	1054
691	173	1354
692	187	1340
693	187	1236
694	108	944
695	110	887
696	118	1015
697	107	935
698	221	1606
699	107	949
700	113	1027
701	120	1039
702	113	962
703	108	1029
704	163	1187
705	108	1012
706	108	964
707	106	917
708	111	993
709	108	923
710	107	1030
711	107	919
712	110	1000
713	109	965
714	109	1010
715	112	1118
716	105	982
717	110	1003
718	109	1038
719	189	1065
720	109	951
721	107	976
722	107	997
723	112	967
724	105	1019
725	171	1400
726	108	962
727	107	1080
728	105	934
729	104	1124
730	114	1040
731	109	1001
732	109	1035
733	108	1102
734	109	1160
735	104	1022
736	110	1069
737	109	1052
738	110	1150
739	108	1058
740	106	1103
741	107	1059
742	111	1107
743	113	1130
744	111	1051
745	106	1048
746	113	963
747	105	1090
748	108	1101
749	107	947
750	108	1125
751	106	1011
752	102	1088
753	110	1117
754	108	1079
755	106	1083
756	109	1087
757	108	1128
758	109	1112
759	108	1073
760	131	1068
761	109	1051
762	109	1028
763	104	1180
764	105	1020
765	108	1132
766	107	1069
767	108	1116
768	107	909
769	104	1108
770	107	1190
771	108	1043
772	106	931
773	105	1144
774	105	1105
775	104	1178
776	110	1122
777	106	1074
778	108	2281
779	106	961
780	110	992
781	106	1106
782	109	1140
783	135	1253
784	110	1183
785	108	1073
786	108	1102
787	108	1129
788	111	1075
789	103	1217
790	112	1146
791	104	1217
792	107	1027
793	110	1094
794	108	1013
795	108	1094
796	114	1096
797	109	1178
798	104	1188
799	108	1250
800	104	1176
801	104	1215
802	105	1142
803	106	1110
804	106	1166
805	109	1127
806	104	1249
807	102	1298
808	106	1137
809	109	1122
810	107	1077
811	106	1226
812	113	1266
813	109	1138
814	109	1159
815	107	1192
816	110	1239
817	104	1173
818	110	1266
819	106	1151
820	112	1083
821	111	1084
822	104	1143
823	110	1077
824	104	1189
825	110	1174
826	109	1202
827	109	1246
828	112	1350
829	115	1343
830	109	1264
831	105	1256
832	110	1166
833	110	1112
834	107	1247
835	108	1150
836	107	1121
837	107	1205
838	106	1060
839	111	1154
840	107	1236
841	104	1141
842	108	1179
843	106	1115
844	104	1258
845	105	1095
846	113	2734
847	109	1194
848	109	1164
849	106	1233
850	109	1247
851	108	1356
852	104	1279
853	110	1243
854	105	1221
855	103	1251
856	108	1231
857	109	1341
858	110	1122
859	109	1327
860	110	1105
861	106	1192
862	111	1320
863	105	1160
864	108	1207
865	108	1238
866	108	1156
867	103	1222
868	112	1328
869	109	1267
870	110	1350
871	107	1269
872	104	1422
873	107	1200
874	107	1250
875	106	1386
876	108	1315
877	108	1310
878	106	1407
879	113	1371
880	107	1265
881	109	1223
882	109	1306
883	115	1332
884	105	1252
885	108	1324
886	110	1360
887	113	1265
888	106	1259
889	115	1473
890	104	1340
891	109	1404
892	121	1622
893	112	1343
894	108	1450
895	105	1447
896	108	1422
897	111	1390
898	115	1314
899	114	1285
900	128	1477
901	108	1341
902	109	1562
903	111	1262
904	106	1500
905	153	1725
906	109	1332
907	107	1361
908	106	1377
909	131	1832
910	111	1451
911	107	1546
912	108	1404
913	108	1373
914	108	1408
915	107	1239
916	106	1487
917	111	1222
918	113	1438
919	111	1210
920	106	1403
921	104	1336
922	108	1231
923	107	1251
924	110	1314
925	109	1437
926	109	1276
927	110	1265
928	108	1582
929	105	1435
930	106	1569
931	119	1281
932	114	1406
933	113	1349
934	108	1331
935	111	1569
936	107	1348
937	107	1398
938	109	1546
939	112	1352
940	126	1418
941	107	1436
942	106	1360
943	107	1502
944	110	1337
945	110	1379
946	105	1404
947	107	1661
948	110	1524
949	108	1668
950	106	1312
951	112	1388
952	108	1425
953	109	1458
954	132	1842
955	110	1613
956	110	1351
957	103	1607
958	106	1425
959	107	1355
960	109	1460
961	110	1273
962	108	1387
963	221	2329
964	104	1509
965	106	1425
966	109	1588
967	111	1375
968	110	1413
969	110	1666
970	106	1435
971	110	1609
972	109	1550
973	112	1546
974	125	1538
975	110	1371
976	158	1828
977	164	1826
978	112	1503
979	107	1461
980	116	1504
981	110	1507
982	122	1614
983	108	1245
984	108	1479
985	107	1582
986	105	1325
987	119	1460
988	107	1584
989	113	1315
990	108	1468
991	109	1540
992	106	1371
993	112	1495
994	108	1610
995	113	1564
996	107	1579
997	113	1383
998	110	1527
999	108	1465
1000	105	1572
